gene_name	uniprot	is_complex	protein_name	complex_name	id_cp_interaction	B	CTL	HSC	HSC-like	Mono	Mono-like	NK	Plasma	Prog	Prog-like	T	cDC-like	earlyEry	lateEry
HLA-DPA1	HLADPA1	False	HLADPA1		CPI-SS028784FC6	2.163	0.288	0.397	1.078	0.969	1.683	0.203	1.805	0.698	1.364	0.041	2.713	0.314	0.0
PVR	P15151	False	PVR_HUMAN		CPI-SS00A8596B5	0.0	0.0	0.0	0.011	0.0	0.051	0.036	0.647	0.0	0.013	0.0	0.03	0.009	0.0
PVR	P15151	False	PVR_HUMAN		CPI-SS0B84DAE3D	0.0	0.0	0.0	0.011	0.0	0.051	0.036	0.647	0.0	0.013	0.0	0.03	0.009	0.0
PVR	P15151	False	PVR_HUMAN		CPI-SS0A8627ED6	0.0	0.0	0.0	0.011	0.0	0.051	0.036	0.647	0.0	0.013	0.0	0.03	0.009	0.0
PVR	P15151	False	PVR_HUMAN		CPI-SS00561BBD7	0.0	0.0	0.0	0.011	0.0	0.051	0.036	0.647	0.0	0.013	0.0	0.03	0.009	0.0
PVR	P15151	False	PVR_HUMAN		CPI-SS0F1A060D4	0.0	0.0	0.0	0.011	0.0	0.051	0.036	0.647	0.0	0.013	0.0	0.03	0.009	0.0
CADM1	Q9BY67	False	CADM1_HUMAN		CPI-SS0B990492C	0.0	0.0	0.0	0.0	0.0	0.019	0.034	0.0	0.0	0.0	0.0	0.0	0.0	0.0
TIGIT	Q495A1	False	TIGIT_HUMAN		CPI-SS03859E16F	0.0	0.487	0.0	0.0	0.0	0.006	0.976	0.0	0.0	0.002	0.109	0.0	0.0	0.0
NECTIN2	Q92692	False	PVRL2_HUMAN		CPI-SS02FBD007E	0.0	0.0	0.0	0.026	0.0	0.062	0.008	0.0	0.0	0.04	0.0	0.081	0.0	0.0
CADM1	Q9BY67	False	CADM1_HUMAN		CPI-SS0889E281D	0.0	0.0	0.0	0.0	0.0	0.019	0.034	0.0	0.0	0.0	0.0	0.0	0.0	0.0
CRTAM	O95727	False	CRTAM_HUMAN		CPI-SS0C9696AAA	0.0	0.0	0.0	0.03	0.041	0.143	0.409	0.0	0.0	0.016	0.04	0.036	0.0	0.097
TIGIT	Q495A1	False	TIGIT_HUMAN		CPI-SS0A5DF05C0	0.0	0.487	0.0	0.0	0.0	0.006	0.976	0.0	0.0	0.002	0.109	0.0	0.0	0.0
CD226	Q15762	False	CD226_HUMAN		CPI-SS06207F70E	0.0	0.089	0.0	0.0	0.0	0.0	0.14	0.0	0.0	0.0	0.172	0.0	0.112	0.309
CDH1	P12830	False	CADH1_HUMAN		CPI-SS0CC5DCE80	0.0	0.0	0.0	0.0	0.0	0.0	0.0	0.0	0.0	0.0	0.0	0.0	0.042	1.515
SPP1	P10451	False	OSTP_HUMAN		CPI-SS02AB0C3E0	0.0	0.0	0.218	0.032	0.0	0.0	0.0	0.0	0.0	0.01	0.0	0.0	0.058	0.0
LGALS9	O00182	False	LEG9_HUMAN		CPI-SS0703338F5	0.092	0.123	0.06	0.329	0.622	0.597	0.101	0.068	0.0	0.324	0.166	0.497	0.319	0.219
HGF	P14210	False	HGF_HUMAN		CPI-SS03722104E	0.0	0.0	0.0	0.022	0.008	0.044	0.0	0.0	0.0	0.003	0.0	0.074	0.0	0.0
FGF18	O76093	False	FGF18_HUMAN		CPI-SS0F2C6A4D4	0.0	0.0	0.0	0.01	0.0	0.008	0.0	0.0	0.0	0.013	0.0	0.0	0.0	0.292
FGF18	O76093	False	FGF18_HUMAN		CPI-SS0E134097C	0.0	0.0	0.0	0.01	0.0	0.008	0.0	0.0	0.0	0.013	0.0	0.0	0.0	0.292
FGF7	P21781	False	FGF7_HUMAN		CPI-SS00E68BB92	0.0	0.123	0.0	0.007	0.0	0.0	0.0	0.0	0.0	0.008	0.0	0.0	0.0	0.0
SPP1	P10451	False	OSTP_HUMAN		CPI-SS0C1BD22BC	0.0	0.0	0.218	0.032	0.0	0.0	0.0	0.0	0.0	0.01	0.0	0.0	0.058	0.0
TGFB1	P01137	False	TGFB1_HUMAN		CPI-SS085EE60B1	0.089	0.262	0.0	0.27	0.135	0.152	0.356	0.068	0.054	0.13	0.088	0.084	0.15	0.155
TGFB3	P10600	False	TGFB3_HUMAN		CPI-SS0D46E2B45	0.0	0.107	0.207	0.006	0.0	0.0	0.045	0.0	0.0	0.0	0.0	0.0	0.0	0.0
FFAR2	O15552	False	FFAR2_HUMAN		CPI-SS01158CABF	0.0	0.053	0.0	0.0	0.04	0.045	0.0	0.0	0.0	0.0	0.0	0.0	0.0	0.0
HLA-C	HLAC	False	HLAC		CPI-SS034D36D2F	3.786	5.805	1.023	2.494	3.772	4.201	6.798	5.592	1.054	2.132	2.906	4.226	1.795	2.14
LAMP1	P11279	False	LAMP1_HUMAN		CPI-SS055E061C9	0.092	0.077	0.338	0.134	0.241	0.214	0.267	0.0	0.0	0.143	0.053	0.276	0.194	0.0
KIR2DL3	P43628	False	KI2L3_HUMAN		CPI-SS02CF96625	0.0	0.0	0.0	0.0	0.0	0.0	0.038	0.0	0.0	0.0	0.0	0.0	0.0	0.0
CXADR	P78310	False	CXAR_HUMAN		CPI-SS033CB0BB2	0.22	0.0	0.0	0.0	0.032	0.0	0.0	0.0	0.0	0.006	0.0	0.0	0.014	0.0
ADGRG5	Q8IZF4	False	AGRG5_HUMAN		CPI-SS0AFC7BACF	0.089	0.0	0.0	0.092	0.01	0.0	0.036	0.0	0.0	0.104	0.089	0.015	0.0	0.0
FFAR2	O15552	False	FFAR2_HUMAN		CPI-SS072E1E27A	0.0	0.053	0.0	0.0	0.04	0.045	0.0	0.0	0.0	0.0	0.0	0.0	0.0	0.0
HLA-C	HLAC	False	HLAC		CPI-SS0917CBD53	3.786	5.805	1.023	2.494	3.772	4.201	6.798	5.592	1.054	2.132	2.906	4.226	1.795	2.14
LAMP1	P11279	False	LAMP1_HUMAN		CPI-SS064281234	0.092	0.077	0.338	0.134	0.241	0.214	0.267	0.0	0.0	0.143	0.053	0.276	0.194	0.0
CD80	P33681	False	CD80_HUMAN		CPI-SS08F13AD5C	0.243	0.0	0.0	0.0	0.0	0.014	0.0	0.0	0.0	0.002	0.01	0.065	0.014	0.0
HLA-DPB1	HLADPB1	False	HLADPB1		CPI-SS076BC3BA6	1.475	0.38	0.282	1.1	0.4	0.981	0.449	0.373	0.533	0.864	0.112	2.092	0.295	0.0
ADGRL1	O94910	False	AGRL1_HUMAN		CPI-SS09375CA29	0.0	0.0	0.0	0.033	0.0	0.006	0.064	0.0	0.0	0.022	0.0	0.051	0.0	0.0
EGF	P01133	False	EGF_HUMAN		CPI-SS00A953C3A	0.0	0.0	0.0	0.008	0.0	0.0	0.057	0.0	0.0	0.011	0.0	0.0	0.058	0.0
ERBB3	P21860	False	ERBB3_HUMAN		CPI-SS0BF9FA3F2	0.0	0.0	0.0	0.028	0.019	0.033	0.0	0.0	0.0	0.016	0.0	0.0	0.039	0.0
CD74	P04233	False	HG2A_HUMAN		CPI-SS0ABC5C1B8	7.653	1.957	0.776	2.712	2.184	2.548	1.098	3.677	1.273	1.965	0.489	5.243	0.335	0.0
ICAM1	P05362	False	ICAM1_HUMAN		CPI-SS0D4C221B8	0.0	0.0	0.0	0.043	0.096	0.118	0.049	0.0	0.0	0.013	0.02	0.059	0.0	0.0
TNFRSF1A	P19438	False	TNR1A_HUMAN		CPI-SS0DA033F03	0.0	0.114	0.076	0.235	0.244	0.46	0.067	0.0	0.428	0.247	0.012	0.48	0.211	0.0
NTRK1	P04629	False	NTRK1_HUMAN		CPI-SS054D158CC	0.0	0.0	0.0	0.014	0.0	0.0	0.024	0.0	0.0	0.006	0.0	0.015	0.0	0.0
TNFRSF1B	P20333	False	TNR1B_HUMAN		CPI-SS0C4E86714	0.092	0.325	0.0	0.336	1.371	2.068	1.106	0.0	0.0	0.232	0.245	2.127	0.049	0.0
CD74	P04233	False	HG2A_HUMAN		CPI-SS0302E8E8F	7.653	1.957	0.776	2.712	2.184	2.548	1.098	3.677	1.273	1.965	0.489	5.243	0.335	0.0
NTRK1	P04629	False	NTRK1_HUMAN		CPI-SS0E6E8A727	0.0	0.0	0.0	0.014	0.0	0.0	0.024	0.0	0.0	0.006	0.0	0.015	0.0	0.0
CD44	P16070	False	CD44_HUMAN		CPI-SS0632A027A	0.397	0.468	0.425	0.644	0.937	1.897	0.939	0.317	0.109	0.605	0.826	0.898	0.139	0.359
ERBB4	Q15303	False	ERBB4_HUMAN		CPI-SS03098AC28	0.0	0.0	0.0	0.013	0.0	0.0	0.0	0.0	0.0	0.002	0.0	0.0	0.0	0.0
HLA-DPB1	HLADPB1	False	HLADPB1		CPI-SS05D23BCE8	1.475	0.38	0.282	1.1	0.4	0.981	0.449	0.373	0.533	0.864	0.112	2.092	0.295	0.0
TNFRSF13B	O14836	False	TR13B_HUMAN		CPI-SS03C51D352	0.143	0.0	0.0	0.0	0.0	0.0	0.0	0.55	0.0	0.0	0.0	0.0	0.0	0.0
TFRC	P02786	False	TFR1_HUMAN		CPI-SS03133B4F2	0.0	0.048	0.256	0.241	0.168	0.182	0.139	0.205	0.0	0.256	0.111	0.266	0.603	20.424
TNFRSF17	Q02223	False	TNR17_HUMAN		CPI-SS0E2863F09	0.0	0.0	0.0	0.0	0.0	0.0	0.0	0.978	0.0	0.0	0.0	0.0	0.0	0.0
CD74	P04233	False	HG2A_HUMAN		CPI-SS09808DEAE	7.653	1.957	0.776	2.712	2.184	2.548	1.098	3.677	1.273	1.965	0.489	5.243	0.335	0.0
ICAM1	P05362	False	ICAM1_HUMAN		CPI-SS09C4FCB90	0.0	0.0	0.0	0.043	0.096	0.118	0.049	0.0	0.0	0.013	0.02	0.059	0.0	0.0
ICAM1	P05362	False	ICAM1_HUMAN		CPI-SS0E9A581F8	0.0	0.0	0.0	0.043	0.096	0.118	0.049	0.0	0.0	0.013	0.02	0.059	0.0	0.0
TNFRSF1A	P19438	False	TNR1A_HUMAN		CPI-SS0A4F27388	0.0	0.114	0.076	0.235	0.244	0.46	0.067	0.0	0.428	0.247	0.012	0.48	0.211	0.0
TNFRSF10B	O14763	False	TR10B_HUMAN		CPI-SS0049FD74F	0.0	0.0	0.094	0.045	0.0	0.095	0.062	0.1	0.0	0.008	0.037	0.187	0.0	0.0
FAS	P25445	False	TNR6_HUMAN		CPI-SS03A0C857B	0.276	0.472	0.0	0.024	0.152	0.056	0.12	0.747	0.0	0.027	0.007	0.013	0.0	0.0
NTRK1	P04629	False	NTRK1_HUMAN		CPI-SS0B1AB068C	0.0	0.0	0.0	0.014	0.0	0.0	0.024	0.0	0.0	0.006	0.0	0.015	0.0	0.0
NTRK1	P04629	False	NTRK1_HUMAN		CPI-SS0391D4602	0.0	0.0	0.0	0.014	0.0	0.0	0.024	0.0	0.0	0.006	0.0	0.015	0.0	0.0
ADORA2A	P29274	False	AA2AR_HUMAN		CPI-SS00A6D366F	0.0	0.0	0.0	0.008	0.0	0.004	0.076	0.0	0.0	0.003	0.0	0.0	0.0	0.0
NTRK1	P04629	False	NTRK1_HUMAN		CPI-SS05D1A6BEF	0.0	0.0	0.0	0.014	0.0	0.0	0.024	0.0	0.0	0.006	0.0	0.015	0.0	0.0
ERBB4	Q15303	False	ERBB4_HUMAN		CPI-SS074CF011C	0.0	0.0	0.0	0.013	0.0	0.0	0.0	0.0	0.0	0.002	0.0	0.0	0.0	0.0
TNF	P01375	False	TNFA_HUMAN		CPI-SS03FA58286	0.0	0.098	0.0	0.0	0.02	0.094	0.026	0.0	0.0	0.003	0.071	0.016	0.0	0.0
HLA-F	P30511	False	HLAF_HUMAN		CPI-SS0A76A8E97	0.364	1.325	0.055	0.418	1.337	1.565	1.832	0.349	0.0	0.413	0.785	1.202	0.409	0.966
CD1D	P15813	False	CD1D_HUMAN		CPI-SS0EAB03260	0.0	0.0	0.0	0.0	0.205	0.226	0.0	0.0	0.0	0.003	0.0	0.129	0.009	0.0
HLA-F	P30511	False	HLAF_HUMAN		CPI-SS00150FB64	0.364	1.325	0.055	0.418	1.337	1.565	1.832	0.349	0.0	0.413	0.785	1.202	0.409	0.966
CCL5	P13501	False	CCL5_HUMAN		CPI-SS0B01D306C	0.0	9.808	0.0	0.058	0.147	0.103	8.983	0.0	0.0	0.025	0.522	0.101	0.0	0.252
CSF1	P09603	False	CSF1_HUMAN		CPI-SS03105D292	0.0	0.0	0.0	0.017	0.0	0.0	0.009	0.0	0.0	0.019	0.0	0.0	0.014	0.0
IGF2	P01344	False	IGF2_HUMAN		CPI-SS0A3569604	0.267	0.0	0.0	0.007	0.463	0.034	0.0	0.0	0.0	0.008	0.0	0.0	0.022	1.509
IGF2	P01344	False	IGF2_HUMAN		CPI-SS0579FA162	0.267	0.0	0.0	0.007	0.463	0.034	0.0	0.0	0.0	0.008	0.0	0.0	0.022	1.509
IGF1	P05019	False	IGF1_HUMAN		CPI-SS0E41702C1	0.0	0.0	0.0	0.047	0.0	0.0	0.0	1.631	0.0	0.0	0.0	0.0	0.0	0.0
IGF2	P01344	False	IGF2_HUMAN		CPI-SS042A6F835	0.267	0.0	0.0	0.007	0.463	0.034	0.0	0.0	0.0	0.008	0.0	0.0	0.022	1.509
BDNF	P23560	False	BDNF_HUMAN		CPI-SS09A36B221	0.0	0.0	0.0	0.0	0.0	0.007	0.0	0.0	0.0	0.003	0.0	0.0	0.044	0.0
GRN	P28799	False	GRN_HUMAN		CPI-SS07CCAD9BF	0.089	0.114	0.0	0.121	1.318	1.385	0.054	0.068	0.0	0.098	0.041	0.941	0.146	0.0
COPA	P53621	False	COPA_HUMAN		CPI-SS04F3A1E5C	0.0	0.431	0.403	0.263	0.519	0.395	0.415	0.068	0.0	0.303	0.082	0.275	0.203	2.378
BDNF	P23560	False	BDNF_HUMAN		CPI-SS03F0B666C	0.0	0.0	0.0	0.0	0.0	0.007	0.0	0.0	0.0	0.003	0.0	0.0	0.044	0.0
CD200	P41217	False	OX2G_HUMAN		CPI-SS0A9E884E0	0.66	0.0	0.557	0.766	0.004	0.024	0.049	0.068	0.712	0.51	0.02	0.154	0.292	0.0
KLRB1	Q12918	False	KLRB1_HUMAN		CPI-SS0E292C126	0.0	0.431	0.0	0.0	0.0	0.015	1.304	0.0	0.0	0.009	0.556	0.0	0.0	0.0
FAM3C	Q92520	False	FAM3C_HUMAN		CPI-SS02A0FF87F	0.149	0.0	0.0	0.116	0.008	0.035	0.068	0.394	0.0	0.046	0.042	0.037	0.081	0.0
TNF	P01375	False	TNFA_HUMAN		CPI-SS0F8EFEECF	0.0	0.098	0.0	0.0	0.02	0.094	0.026	0.0	0.0	0.003	0.071	0.016	0.0	0.0
LGALS9	O00182	False	LEG9_HUMAN		CPI-SS0BD9F32BA	0.092	0.123	0.06	0.329	0.622	0.597	0.101	0.068	0.0	0.324	0.166	0.497	0.319	0.219
TNF	P01375	False	TNFA_HUMAN		CPI-SS02EBC1BB0	0.0	0.098	0.0	0.0	0.02	0.094	0.026	0.0	0.0	0.003	0.071	0.016	0.0	0.0
DLL1	O00548	False	DLL1_HUMAN		CPI-SS04A5D6B6F	0.0	0.0	0.0	0.0	0.0	0.0	0.022	0.0	0.337	0.009	0.0	0.0	0.022	0.0
TNF	P01375	False	TNFA_HUMAN		CPI-SS0B81F1BF5	0.0	0.098	0.0	0.0	0.02	0.094	0.026	0.0	0.0	0.003	0.071	0.016	0.0	0.0
PLXNB2	O15031	False	PLXB2_HUMAN		CPI-SS0AB21032D	0.0	0.0	0.0	0.114	0.162	0.242	0.008	0.0	0.0	0.058	0.0	0.691	0.0	0.0
TNF	P01375	False	TNFA_HUMAN		CPI-SS03B8E2D7A	0.0	0.098	0.0	0.0	0.02	0.094	0.026	0.0	0.0	0.003	0.071	0.016	0.0	0.0
TNF	P01375	False	TNFA_HUMAN		CPI-SS04B4619D0	0.0	0.098	0.0	0.0	0.02	0.094	0.026	0.0	0.0	0.003	0.071	0.016	0.0	0.0
LTA	P01374	False	TNFB_HUMAN		CPI-SS084BE3E4B	0.0	0.0	0.0	0.0	0.0	0.0	0.031	0.0	0.0	0.002	0.06	0.0	0.0	0.0
TNFSF13	O75888	False	TNF13_HUMAN		CPI-SS0F9B3B259	0.0	0.0	0.0	0.038	0.313	0.403	0.0	0.0	0.0	0.116	0.0	0.393	0.106	0.155
TNF	P01375	False	TNFA_HUMAN		CPI-SS08B7D54A3	0.0	0.098	0.0	0.0	0.02	0.094	0.026	0.0	0.0	0.003	0.071	0.016	0.0	0.0
TNFSF13	O75888	False	TNF13_HUMAN		CPI-SS0A83A7E30	0.0	0.0	0.0	0.038	0.313	0.403	0.0	0.0	0.0	0.116	0.0	0.393	0.106	0.155
TNF	P01375	False	TNFA_HUMAN		CPI-SS0E7D5974D	0.0	0.098	0.0	0.0	0.02	0.094	0.026	0.0	0.0	0.003	0.071	0.016	0.0	0.0
LTA	P01374	False	TNFB_HUMAN		CPI-SS07D9A48A2	0.0	0.0	0.0	0.0	0.0	0.0	0.031	0.0	0.0	0.002	0.06	0.0	0.0	0.0
TNF	P01375	False	TNFA_HUMAN		CPI-SS048A2311A	0.0	0.098	0.0	0.0	0.02	0.094	0.026	0.0	0.0	0.003	0.071	0.016	0.0	0.0
LTA	P01374	False	TNFB_HUMAN		CPI-SS0D5C54214	0.0	0.0	0.0	0.0	0.0	0.0	0.031	0.0	0.0	0.002	0.06	0.0	0.0	0.0
TNFSF10	P50591	False	TNF10_HUMAN		CPI-SS0DEDA3567	0.123	0.332	0.464	0.158	2.513	3.509	0.425	0.857	0.421	0.084	0.264	2.451	0.044	0.456
TNF	P01375	False	TNFA_HUMAN		CPI-SS034B442CE	0.0	0.098	0.0	0.0	0.02	0.094	0.026	0.0	0.0	0.003	0.071	0.016	0.0	0.0
TNFRSF13B	O14836	False	TR13B_HUMAN		CPI-SS0DCA69916	0.143	0.0	0.0	0.0	0.0	0.0	0.0	0.55	0.0	0.0	0.0	0.0	0.0	0.0
NCAM1	P13591	False	NCAM1_HUMAN		CPI-SS01BCB9360	0.0	0.0	0.108	0.009	0.026	0.028	0.21	0.0	0.0	0.01	0.018	0.03	0.025	0.0
NOTCH2	Q04721	False	NOTC2_HUMAN		CPI-SS07D71C546	0.0	0.0	0.0	0.06	0.326	0.599	0.122	0.0	0.0	0.072	0.027	0.521	0.06	0.0
NOTCH2	Q04721	False	NOTC2_HUMAN		CPI-SS027CDEA08	0.0	0.0	0.0	0.06	0.326	0.599	0.122	0.0	0.0	0.072	0.027	0.521	0.06	0.0
NOTCH1	P46531	False	NOTC1_HUMAN		CPI-SS012B7C21D	0.0	0.0	0.079	0.061	0.0	0.022	0.013	0.0	0.0	0.016	0.023	0.006	0.0	0.097
NOTCH4	Q99466	False	NOTC4_HUMAN		CPI-SS00D153A8A	0.0	0.0	0.0	0.007	0.0	0.023	0.0	0.0	0.0	0.003	0.0	0.111	0.057	0.0
NOTCH1	P46531	False	NOTC1_HUMAN		CPI-SS0B87FE6E0	0.0	0.0	0.079	0.061	0.0	0.022	0.013	0.0	0.0	0.016	0.023	0.006	0.0	0.097
CD46	P15529	False	MCP_HUMAN		CPI-SS01A07768A	0.222	0.398	0.094	0.226	0.47	0.516	0.259	0.0	0.0	0.213	0.115	0.503	0.39	0.0
NOTCH1	P46531	False	NOTC1_HUMAN		CPI-SS0A34EE366	0.0	0.0	0.079	0.061	0.0	0.022	0.013	0.0	0.0	0.016	0.023	0.006	0.0	0.097
CCL2	P13500	False	CCL2_HUMAN		CPI-SS0CF0E4DE9	0.0	0.0	0.0	0.0	0.0	0.033	0.0	0.0	0.0	0.0	0.0	0.0	0.0	0.0
CCL5	P13501	False	CCL5_HUMAN		CPI-SS0A021DB6E	0.0	9.808	0.0	0.058	0.147	0.103	8.983	0.0	0.0	0.025	0.522	0.101	0.0	0.252
CCL5	P13501	False	CCL5_HUMAN		CPI-SS0F3BF2B34	0.0	9.808	0.0	0.058	0.147	0.103	8.983	0.0	0.0	0.025	0.522	0.101	0.0	0.252
CCL22	O00626	False	CCL22_HUMAN		CPI-SS0AEC33FF1	0.0	0.0	0.0	0.028	0.0	0.006	0.049	0.0	0.0	0.001	0.013	0.0	0.0	0.0
CXCL11	O14625	False	CXL11_HUMAN		CPI-SS0CC738ABC	0.0	0.0	0.0	0.0	0.0	0.009	0.0	0.0	0.0	0.002	0.0	0.0	0.0	0.0
CXCL2	P19875	False	CXCL2_HUMAN		CPI-SS0CDAC688B	0.0	0.0	0.0	0.132	0.061	0.289	0.032	0.0	0.0	0.076	0.013	0.117	0.048	1.097
PF4	P02776	False	PLF4_HUMAN		CPI-SS01A6823FA	0.0	5.989	0.0	0.0	0.431	0.038	0.0	0.0	0.0	0.008	0.028	0.015	1.571	4.556
CXCL11	O14625	False	CXL11_HUMAN		CPI-SS09FAC4977	0.0	0.0	0.0	0.0	0.0	0.009	0.0	0.0	0.0	0.002	0.0	0.0	0.0	0.0
CXCL1	P09341	False	GROA_HUMAN		CPI-SS08102DC9E	0.0	0.0	0.0	0.0	0.045	0.02	0.048	0.0	0.0	0.0	0.0	0.0	0.0	0.0
CXCL8	P10145	False	IL8_HUMAN		CPI-SS0315F51DD	0.0	0.0	0.232	0.609	1.236	2.155	0.095	0.0	0.0	0.06	0.0	0.709	0.022	2.573
CXCL2	P19875	False	CXCL2_HUMAN		CPI-SS0F562FEA5	0.0	0.0	0.0	0.132	0.061	0.289	0.032	0.0	0.0	0.076	0.013	0.117	0.048	1.097
PPBP	P02775	False	CXCL7_HUMAN		CPI-SS0C491A3C1	0.0	7.664	0.0	0.1	0.131	0.102	0.0	0.0	0.0	0.008	0.0	0.015	0.595	1.392
CXCL3	P19876	False	CXCL3_HUMAN		CPI-SS09185EA8F	0.0	0.0	0.188	0.151	0.111	0.213	0.038	0.0	0.0	0.025	0.0	0.766	0.197	0.928
LGALS9	O00182	False	LEG9_HUMAN		CPI-SS0419B80C4	0.092	0.123	0.06	0.329	0.622	0.597	0.101	0.068	0.0	0.324	0.166	0.497	0.319	0.219
PDGFB	P01127	False	PDGFB_HUMAN		CPI-SS02928C71A	0.0	0.0	0.0	0.0	0.0	0.0	0.022	0.0	0.0	0.0	0.0	0.0	0.0	0.0
MDK	P21741	False	MK_HUMAN		CPI-SS006C6537E	0.0	0.0	0.0	0.21	0.0	0.017	0.0	0.0	0.109	0.151	0.067	0.047	0.133	0.0
LGALS9	O00182	False	LEG9_HUMAN		CPI-SS014958F32	0.092	0.123	0.06	0.329	0.622	0.597	0.101	0.068	0.0	0.324	0.166	0.497	0.319	0.219
SIRPA	P78324	False	SHPS1_HUMAN		CPI-SS0339AE950	0.0	0.0	0.0	0.009	0.345	0.224	0.0	0.0	0.0	0.003	0.0	0.132	0.0	0.0
LGALS9	O00182	False	LEG9_HUMAN		CPI-SS0A9FB762A	0.092	0.123	0.06	0.329	0.622	0.597	0.101	0.068	0.0	0.324	0.166	0.497	0.319	0.219
LGALS9	O00182	False	LEG9_HUMAN		CPI-SS002DF6C31	0.092	0.123	0.06	0.329	0.622	0.597	0.101	0.068	0.0	0.324	0.166	0.497	0.319	0.219
LGALS9	O00182	False	LEG9_HUMAN		CPI-SS0E23CEB91	0.092	0.123	0.06	0.329	0.622	0.597	0.101	0.068	0.0	0.324	0.166	0.497	0.319	0.219
LGALS9	O00182	False	LEG9_HUMAN		CPI-SS09C52F54E	0.092	0.123	0.06	0.329	0.622	0.597	0.101	0.068	0.0	0.324	0.166	0.497	0.319	0.219
MDK	P21741	False	MK_HUMAN		CPI-SS083CBFACD	0.0	0.0	0.0	0.21	0.0	0.017	0.0	0.0	0.109	0.151	0.067	0.047	0.133	0.0
PDGFB	P01127	False	PDGFB_HUMAN		CPI-SS05A26A1DE	0.0	0.0	0.0	0.0	0.0	0.0	0.022	0.0	0.0	0.0	0.0	0.0	0.0	0.0
PDGFB	P01127	False	PDGFB_HUMAN		CPI-SS0FEEB187C	0.0	0.0	0.0	0.0	0.0	0.0	0.022	0.0	0.0	0.0	0.0	0.0	0.0	0.0
PDGFA	P04085	False	PDGFA_HUMAN		CPI-SS0B70EB09E	0.713	0.0	0.208	0.519	0.179	0.183	0.091	0.0	0.0	0.069	0.048	0.064	0.657	3.762
WNT3	P56703	False	WNT3_HUMAN		CPI-SS0E7523314	0.0	0.112	0.0	0.0	0.0	0.003	0.0	0.0	0.0	0.0	0.0	0.0	0.0	0.0
TNFRSF10A	O00220	False	TR10A_HUMAN		CPI-SS0179FBFD3	0.0	0.0	0.0	0.0	0.0	0.017	0.0	0.0	0.0	0.008	0.078	0.016	0.0	0.0
TNFRSF10B	O14763	False	TR10B_HUMAN		CPI-SS0898D7F7F	0.0	0.0	0.094	0.045	0.0	0.095	0.062	0.1	0.0	0.008	0.037	0.187	0.0	0.0
TNFRSF10C	O14798	False	TR10C_HUMAN		CPI-SS01ECFDA18	0.0	0.0	0.0	0.0	0.0	0.008	0.0	0.0	0.0	0.0	0.0	0.0	0.0	0.0
FGFR1	P11362	False	FGFR1_HUMAN		CPI-SS039799099	0.0	0.0	0.055	0.004	0.0	0.05	0.033	0.0	0.0	0.038	0.0	0.033	0.0	0.0
FGFR1	P11362	False	FGFR1_HUMAN		CPI-SS07833475A	0.0	0.0	0.055	0.004	0.0	0.05	0.033	0.0	0.0	0.038	0.0	0.033	0.0	0.0
FGFR1	P11362	False	FGFR1_HUMAN		CPI-SS07A0F4D73	0.0	0.0	0.055	0.004	0.0	0.05	0.033	0.0	0.0	0.038	0.0	0.033	0.0	0.0
FGFR3	P22607	False	FGFR3_HUMAN		CPI-SS0883B7EE4	0.0	0.0	0.0	0.011	0.0	0.0	0.0	0.0	0.0	0.013	0.0	0.017	0.0	0.0
EFNA2	O43921	False	EFNA2_HUMAN		CPI-SS0E63AB61E	1.021	0.198	0.469	0.322	0.339	0.234	0.195	0.0	0.249	0.19	0.188	0.179	1.405	4.368
EFNA1	P20827	False	EFNA1_HUMAN		CPI-SS0EBFE1854	0.0	0.0	0.0	0.031	0.0	0.0	0.0	0.0	0.0	0.013	0.0	0.012	0.0	0.0
EFNA4	P52798	False	EFNA4_HUMAN		CPI-SS0659DBE72	0.0	0.0	0.0	0.021	0.0	0.01	0.0	0.0	0.0	0.004	0.015	0.0	0.0	0.0
EFNA5	P52803	False	EFNA5_HUMAN		CPI-SS0FC01B947	0.356	0.349	0.0	0.192	0.194	0.226	0.121	0.068	0.268	0.083	0.089	0.086	0.099	0.78
EFNB2	P52799	False	EFNB2_HUMAN		CPI-SS087E0E3FB	0.0	0.0	0.138	0.0	0.0	0.0	0.0	0.0	0.0	0.0	0.0	0.0	0.0	0.0
FGFR3	P22607	False	FGFR3_HUMAN		CPI-SS0D1AE5C79	0.0	0.0	0.0	0.011	0.0	0.0	0.0	0.0	0.0	0.013	0.0	0.017	0.0	0.0
DLL1	O00548	False	DLL1_HUMAN		CPI-SS0423580E5	0.0	0.0	0.0	0.0	0.0	0.0	0.022	0.0	0.337	0.009	0.0	0.0	0.022	0.0
JAG1	P78504	False	JAG1_HUMAN		CPI-SS060B82BBC	0.0	0.0	0.0	0.031	0.024	0.026	0.0	0.0	0.0	0.006	0.0	0.065	0.0	0.0
DLK1	P80370	False	DLK1_HUMAN		CPI-SS0E1A8414D	0.0	0.077	0.0	0.027	0.04	0.003	0.0	0.0	0.0	0.002	0.0	0.0	0.075	0.0
DLL1	O00548	False	DLL1_HUMAN		CPI-SS0FB5FE587	0.0	0.0	0.0	0.0	0.0	0.0	0.022	0.0	0.337	0.009	0.0	0.0	0.022	0.0
JAG1	P78504	False	JAG1_HUMAN		CPI-SS0837E9F59	0.0	0.0	0.0	0.031	0.024	0.026	0.0	0.0	0.0	0.006	0.0	0.065	0.0	0.0
DLK1	P80370	False	DLK1_HUMAN		CPI-SS0D37C7C70	0.0	0.077	0.0	0.027	0.04	0.003	0.0	0.0	0.0	0.002	0.0	0.0	0.075	0.0
PLXNB2	O15031	False	PLXB2_HUMAN		CPI-SS08FAC0A55	0.0	0.0	0.0	0.114	0.162	0.242	0.008	0.0	0.0	0.058	0.0	0.691	0.0	0.0
PLXNB1	O43157	False	PLXB1_HUMAN		CPI-SS0CCCF7C69	0.0	0.0	0.0	0.0	0.0	0.0	0.09	0.0	0.0	0.002	0.0	0.0	0.0	0.0
LTA	P01374	False	TNFB_HUMAN		CPI-SS0110361CB	0.0	0.0	0.0	0.0	0.0	0.0	0.031	0.0	0.0	0.002	0.06	0.0	0.0	0.0
TNFSF13	O75888	False	TNF13_HUMAN		CPI-SS0C28FEC7D	0.0	0.0	0.0	0.038	0.313	0.403	0.0	0.0	0.0	0.116	0.0	0.393	0.106	0.155
TNFSF14	O43557	False	TNF14_HUMAN		CPI-SS019C98396	0.0	0.048	0.0	0.011	0.0	0.0	0.038	0.0	0.0	0.001	0.015	0.0	0.0	0.0
CD160	O95971	False	BY55_HUMAN		CPI-SS0879B8E95	0.0	0.0	0.0	0.0	0.0	0.006	0.358	0.0	0.0	0.0	0.0	0.0	0.0	0.0
MIF	P14174	False	MIF_HUMAN		CPI-SS02ACCF1F7	0.333	1.177	1.038	1.302	0.257	0.364	0.999	3.204	1.887	2.166	0.859	1.093	2.495	0.78
BTLA	Q7Z6A9	False	BTLA_HUMAN		CPI-SS08330207B	0.0	0.114	0.0	0.0	0.0	0.0	0.094	0.462	0.0	0.001	0.099	0.0	0.0	0.0
TNFSF13	O75888	False	TNF13_HUMAN		CPI-SS0B89DD8C1	0.0	0.0	0.0	0.038	0.313	0.403	0.0	0.0	0.0	0.116	0.0	0.393	0.106	0.155
TNFSF10	P50591	False	TNF10_HUMAN		CPI-SS095E52E66	0.123	0.332	0.464	0.158	2.513	3.509	0.425	0.857	0.421	0.084	0.264	2.451	0.044	0.456
MIF	P14174	False	MIF_HUMAN		CPI-SS059EEFDC6	0.333	1.177	1.038	1.302	0.257	0.364	0.999	3.204	1.887	2.166	0.859	1.093	2.495	0.78
EFNA2	O43921	False	EFNA2_HUMAN		CPI-SS0C875BA24	1.021	0.198	0.469	0.322	0.339	0.234	0.195	0.0	0.249	0.19	0.188	0.179	1.405	4.368
EFNA1	P20827	False	EFNA1_HUMAN		CPI-SS09CA492BA	0.0	0.0	0.0	0.031	0.0	0.0	0.0	0.0	0.0	0.013	0.0	0.012	0.0	0.0
ACKR2	O00590	False	ACKR2_HUMAN		CPI-SS03165AD8C	0.0	0.0	0.0	0.0	0.0	0.0	0.032	0.0	0.0	0.0	0.012	0.0	0.0	0.858
ACKR2	O00590	False	ACKR2_HUMAN		CPI-SS0AE4CF4E7	0.0	0.0	0.0	0.0	0.0	0.0	0.032	0.0	0.0	0.0	0.012	0.0	0.0	0.858
GPR75	O95800	False	GPR75_HUMAN		CPI-SS0DA291AD9	0.0	0.0	0.0	0.0	0.0	0.0	0.045	0.0	0.0	0.012	0.0	0.0	0.0	0.0
ACKR2	O00590	False	ACKR2_HUMAN		CPI-SS0BE8BE8E9	0.0	0.0	0.0	0.0	0.0	0.0	0.032	0.0	0.0	0.0	0.012	0.0	0.0	0.858
CCR2	P41597	False	CCR2_HUMAN		CPI-SS09AFCF898	0.0	0.0	0.0	0.004	0.185	0.358	0.068	0.0	0.0	0.0	0.046	0.09	0.0	0.0
CCR1	P32246	False	CCR1_HUMAN		CPI-SS0F8C2FA91	0.0	0.112	0.0	0.008	0.391	0.438	0.048	0.0	0.0	0.003	0.0	0.36	0.0	0.0
CCR5	P51681	False	CCR5_HUMAN		CPI-SS0DFAF1FE2	0.0	0.205	0.0	0.006	0.01	0.039	0.083	0.0	0.0	0.002	0.045	0.05	0.0	0.0
ACKR2	O00590	False	ACKR2_HUMAN		CPI-SS091B461CB	0.0	0.0	0.0	0.0	0.0	0.0	0.032	0.0	0.0	0.0	0.012	0.0	0.0	0.858
PODXL	O00592	False	PODXL_HUMAN		CPI-SS08920B6FF	0.0	0.0	0.0	0.0	0.0	0.018	0.039	0.0	0.0	0.0	0.0	0.006	0.025	0.0
EREG	O14944	False	EREG_HUMAN		CPI-SS0FC42EC80	0.0	0.0	0.0	0.013	0.108	0.033	0.0	0.0	0.0	0.001	0.0	0.009	0.0	0.0
NRG1	Q02297	False	NRG1_HUMAN		CPI-SS0BD5C2A23	0.0	0.0	0.277	0.06	0.015	0.068	0.0	0.0	0.0	0.0	0.0	0.0	0.105	0.0
NRG1	Q02297	False	NRG1_HUMAN		CPI-SS0708FE6FF	0.0	0.0	0.277	0.06	0.015	0.068	0.0	0.0	0.0	0.0	0.0	0.0	0.105	0.0
NRG1	Q02297	False	NRG1_HUMAN		CPI-SS0E075E5AF	0.0	0.0	0.277	0.06	0.015	0.068	0.0	0.0	0.0	0.0	0.0	0.0	0.105	0.0
NRG1	Q02297	False	NRG1_HUMAN		CPI-SS0978D28AB	0.0	0.0	0.277	0.06	0.015	0.068	0.0	0.0	0.0	0.0	0.0	0.0	0.105	0.0
NCR3	O14931	False	NCTR3_HUMAN		CPI-SS027AFFC0E	0.123	0.0	0.0	0.006	0.0	0.0	0.182	0.0	0.0	0.029	0.025	0.0	0.0	0.0
NCR3	O14931	False	NCTR3_HUMAN		CPI-SS0F94547B2	0.123	0.0	0.0	0.006	0.0	0.0	0.182	0.0	0.0	0.029	0.025	0.0	0.0	0.0
PLD2	O14939	False	PLD2_HUMAN		CPI-SS06A999D25	0.0	0.0	0.0	0.0	0.082	0.046	0.0	0.0	0.0	0.002	0.0	0.0	0.0	0.0
SEMA4A	Q9H3S1	False	SEM4A_HUMAN		CPI-SS044C72D0D	0.0	0.0	0.0	0.0	0.078	0.101	0.0	0.376	0.0	0.026	0.0	0.101	0.0	0.0
ANGPT2	O15123	False	ANGP2_HUMAN		CPI-SS0BAB460FF	0.0	0.0	0.0	0.077	0.03	0.0	0.0	0.0	0.0	0.017	0.0	0.0	0.0	0.0
EPHB6	O15197	False	EPHB6_HUMAN		CPI-SS090FC28E1	0.398	0.114	0.0	0.024	0.0	0.033	0.0	0.0	0.0	0.013	0.057	0.0	0.0	0.0
EFNB2	P52799	False	EFNB2_HUMAN		CPI-SS08D0F9109	0.0	0.0	0.138	0.0	0.0	0.0	0.0	0.0	0.0	0.0	0.0	0.0	0.0	0.0
EPHA3	P29320	False	EPHA3_HUMAN		CPI-SS0BEAB521F	0.0	0.0	0.0	0.0	0.0	0.0	0.022	0.0	0.0	0.003	0.0	0.0	0.0	0.0
EFNB2	P52799	False	EFNB2_HUMAN		CPI-SS082ABF1EA	0.0	0.0	0.138	0.0	0.0	0.0	0.0	0.0	0.0	0.0	0.0	0.0	0.0	0.0
EPHA3	P29320	False	EPHA3_HUMAN		CPI-SS041888D39	0.0	0.0	0.0	0.0	0.0	0.0	0.022	0.0	0.0	0.003	0.0	0.0	0.0	0.0
GRIN2A	Q12879	False	NMDE1_HUMAN		CPI-SS070B0E458	0.0	0.0	0.0	0.0	0.0	0.0	0.0	0.0	0.0	0.0	0.0	0.062	0.0	0.0
CSF1	P09603	False	CSF1_HUMAN		CPI-SS068C129D6	0.0	0.0	0.0	0.017	0.0	0.0	0.009	0.0	0.0	0.019	0.0	0.0	0.014	0.0
CEACAM1	P13688	False	CEAM1_HUMAN		CPI-SS0CCDBBBC0	0.0	0.0	0.0	0.009	0.0	0.0	0.0	0.0	0.0	0.0	0.0	0.0	0.0	0.0
TBXA2R	P21731	False	TA2R_HUMAN		CPI-SS042EB8C7A	0.0	0.0	0.277	0.051	0.0	0.008	0.0	0.0	0.0	0.012	0.018	0.006	0.0	0.0
PTGIR	P43119	False	PI2R_HUMAN		CPI-SS05D406038	0.0	0.0	0.0	0.0	0.039	0.035	0.0	0.0	0.0	0.003	0.007	0.06	0.093	0.0
TNFSF12	O43508	False	TNF12_HUMAN		CPI-SS079DDF890	0.133	0.0	0.0	0.01	0.043	0.055	0.066	0.0	0.0	0.017	0.024	0.036	0.0	0.0
TNFSF15	O95150	False	TNF15_HUMAN		CPI-SS0B0CF0EDF	0.0	0.0	0.0	0.0	0.0	0.005	0.0	0.0	0.0	0.009	0.0	0.0	0.0	0.0
LRP6	O75581	False	LRP6_HUMAN		CPI-SS05B1FA8A8	0.0	0.0	0.354	0.016	0.0	0.0	0.0	0.0	0.0	0.044	0.041	0.0	0.008	0.0
COPA	P53621	False	COPA_HUMAN		CPI-SS065F7DA2A	0.0	0.431	0.403	0.263	0.519	0.395	0.415	0.068	0.0	0.303	0.082	0.275	0.203	2.378
NAMPT	P43490	False	NAMPT_HUMAN		CPI-SS09A3FA737	0.156	0.089	0.0	0.066	0.881	0.64	0.116	0.149	0.374	0.043	0.034	0.347	0.08	0.0
ADORA2A	P29274	False	AA2AR_HUMAN		CPI-SS03E273233	0.0	0.0	0.0	0.008	0.0	0.004	0.076	0.0	0.0	0.003	0.0	0.0	0.0	0.0
ADORA3	P0DMS8	False	AA3R_HUMAN		CPI-SS0FF6CFDCA	0.0	0.0	0.0	0.0	0.009	0.009	0.0	0.0	0.0	0.0	0.0	0.0	0.0	0.0
C5	P01031	False	CO5_HUMAN		CPI-SS00581282E	0.0	0.0	0.0	0.028	0.027	0.04	0.0	0.647	0.0	0.01	0.0	0.0	0.009	0.0
IL1B	P01584	False	IL1B_HUMAN		CPI-SS0C6448B94	0.0	0.0	0.31	0.4	0.353	0.313	0.205	0.0	0.054	0.374	0.043	0.325	0.356	0.169
CD8A	P01732	False	CD8A_HUMAN		CPI-SS0C1F25516	0.0	1.555	0.0	0.0	0.017	0.022	0.686	0.0	0.0	0.003	0.117	0.0	0.0	0.0
ANXA1	P04083	False	ANXA1_HUMAN		CPI-SS0F739D3DB	0.089	0.606	1.423	0.959	2.136	3.025	1.126	0.275	0.437	0.979	0.958	1.384	0.421	0.0
RLN1	P04808	False	REL1_HUMAN		CPI-SS0FAE75A75	0.0	0.0	0.0	0.0	0.0	0.0	0.0	0.0	0.0	0.0	0.011	0.0	0.0	0.0
TNFSF9	P41273	False	TNFL9_HUMAN		CPI-SS0431D2256	0.0	0.0	0.0	0.012	0.006	0.012	0.0	0.0	0.0	0.0	0.0	0.0	0.0	0.0
TNFSF9	P41273	False	TNFL9_HUMAN		CPI-SS047CD2E9F	0.0	0.0	0.0	0.012	0.006	0.012	0.0	0.0	0.0	0.0	0.0	0.0	0.0	0.0
CD2	P06729	False	CD2_HUMAN		CPI-SS00B1BEE64	0.0	3.818	0.0	0.059	0.096	0.039	1.714	0.0	0.0	0.033	1.831	0.037	0.132	0.0
CEACAM5	P06731	False	CEAM5_HUMAN		CPI-SS0B537DD3F	0.133	0.0	0.0	0.016	0.074	0.009	0.0	0.0	0.0	0.0	0.0	0.045	0.0	0.0
CEACAM5	P06731	False	CEAM5_HUMAN		CPI-SS0AC66088D	0.133	0.0	0.0	0.016	0.074	0.009	0.0	0.0	0.0	0.0	0.0	0.045	0.0	0.0
PROS1	P07225	False	PROS_HUMAN		CPI-SS0C85BC9AF	0.0	0.0	0.0	0.008	0.013	0.015	0.0	0.0	0.0	0.001	0.0	0.0	0.102	0.0
CSF1R	P07333	False	CSF1R_HUMAN		CPI-SS0B01CF3AB	0.0	0.0	0.0	0.118	0.12	0.263	0.034	0.0	0.0	0.072	0.0	0.437	0.049	0.0
CD55	P08174	False	DAF_HUMAN		CPI-SS061A7E099	0.213	0.114	0.0	0.265	0.472	0.667	0.211	0.0	0.0	0.143	0.344	0.537	0.263	0.436
PTPRC	P08575	False	PTPRC_HUMAN		CPI-SS0822AEF5F	2.753	7.44	2.65	3.618	4.309	5.054	6.631	3.248	3.352	2.374	3.157	4.203	0.588	1.027
CD48	P09326	False	CD48_HUMAN		CPI-SS056FF4363	0.856	1.016	0.0	0.089	0.796	0.924	1.398	0.875	0.0	0.068	1.557	0.451	0.0	0.0
PDGFRB	P09619	False	PGFRB_HUMAN		CPI-SS0D954EA1C	0.0	0.0	0.0	0.029	0.0	0.0	0.0	0.0	0.0	0.007	0.0	0.0	0.059	0.0
ALOX5	P09917	False	LOX5_HUMAN		CPI-SS080611C5B	0.133	0.129	0.0	0.031	0.487	0.594	0.0	0.0	0.0	0.037	0.01	0.224	0.0	0.0
CD28	P10747	False	CD28_HUMAN		CPI-SS07327E587	0.0	0.0	0.0	0.0	0.0	0.004	0.0	0.0	0.0	0.025	0.147	0.0	0.0	0.0
CTLA4	P16410	False	CTLA4_HUMAN		CPI-SS0320FFAFC	0.0	0.0	0.0	0.0	0.0	0.0	0.0	0.0	0.0	0.0	0.023	0.0	0.0	0.0
CD28	P10747	False	CD28_HUMAN		CPI-SS077D7365D	0.0	0.0	0.0	0.0	0.0	0.004	0.0	0.0	0.0	0.025	0.147	0.0	0.0	0.0
CTLA4	P16410	False	CTLA4_HUMAN		CPI-SS0B0E09B1C	0.0	0.0	0.0	0.0	0.0	0.0	0.0	0.0	0.0	0.0	0.023	0.0	0.0	0.0
SELL	P14151	False	LYAM1_HUMAN		CPI-SS0EB5AEC83	0.297	0.781	0.279	0.324	1.221	0.706	0.955	0.494	0.249	0.218	0.679	0.182	0.0	0.0
SELP	P16109	False	LYAM3_HUMAN		CPI-SS015E1E2C6	0.0	0.232	0.0	0.0	0.027	0.0	0.0	0.0	0.0	0.0	0.0	0.0	0.0	0.0
SELL	P14151	False	LYAM1_HUMAN		CPI-SS087321EB5	0.297	0.781	0.279	0.324	1.221	0.706	0.955	0.494	0.249	0.218	0.679	0.182	0.0	0.0
SELP	P16109	False	LYAM3_HUMAN		CPI-SS02B7540B0	0.0	0.232	0.0	0.0	0.027	0.0	0.0	0.0	0.0	0.0	0.0	0.0	0.0	0.0
SELP	P16109	False	LYAM3_HUMAN		CPI-SS06ABF2F5A	0.0	0.232	0.0	0.0	0.027	0.0	0.0	0.0	0.0	0.0	0.0	0.0	0.0	0.0
CD99	P14209	False	CD99_HUMAN		CPI-SS01560CA22	0.166	0.498	0.521	0.912	0.453	0.62	1.01	0.343	0.372	0.598	0.415	0.512	0.238	0.097
SPN	P16150	False	LEUK_HUMAN		CPI-SS02A170A99	0.832	1.656	3.662	2.428	0.764	0.706	1.971	1.312	0.72	2.119	0.756	1.103	2.127	1.048
PDGFRA	P16234	False	PGFRA_HUMAN		CPI-SS03CC15FF3	0.0	0.0	0.0	0.0	0.0	0.006	0.0	0.0	0.0	0.0	0.012	0.0	0.0	0.0
PECAM1	P16284	False	PECA1_HUMAN		CPI-SS0E0DEA7D5	0.0	0.272	0.678	0.447	1.174	1.506	0.437	0.205	0.532	0.423	0.114	1.255	0.278	0.337
C5AR1	P21730	False	C5AR1_HUMAN		CPI-SS01946BE5C	0.0	0.0	0.0	0.004	1.101	1.414	0.102	0.0	0.0	0.006	0.0	1.038	0.082	0.0
CD6	P30203	False	CD6_HUMAN		CPI-SS08991B378	0.0	0.048	0.0	0.011	0.0	0.0	0.181	0.0	0.0	0.0	0.259	0.0	0.0	0.0
AXL	P30530	False	UFO_HUMAN		CPI-SS03A4F7DC8	0.0	0.123	0.0	0.009	0.0	0.011	0.0	0.0	0.0	0.017	0.019	0.0	0.0	0.195
MERTK	Q12866	False	MERTK_HUMAN		CPI-SS0415CC75D	0.0	0.0	0.06	0.027	0.0	0.061	0.0	0.0	0.0	0.0	0.009	0.0	0.0	0.0
CD52	P31358	False	CD52_HUMAN		CPI-SS073C1B796	6.174	3.486	1.753	2.514	1.577	2.737	5.015	1.724	1.805	1.87	5.109	3.014	0.3	0.292
FLT3	P36888	False	FLT3_HUMAN		CPI-SS076FEB261	0.0	0.0	2.711	2.275	0.604	0.363	0.134	0.205	1.637	1.185	0.124	0.599	0.213	0.359
LEP	P41159	False	LEP_HUMAN		CPI-SS066FE05CA	0.0	0.0	0.0	0.0	0.0	0.0	0.0	0.0	0.0	0.004	0.0	0.0	0.053	0.0
NMU	P48645	False	NMU_HUMAN		CPI-SS018BD4882	0.0	0.0	0.0	0.0	0.0	0.0	0.0	0.0	0.0	0.01	0.007	0.0	0.014	0.0
DSG2	Q14126	False	DSG2_HUMAN		CPI-SS0B6F0C894	0.0	0.0	0.0	0.101	0.0	0.0	0.037	0.0	0.325	0.102	0.012	0.017	0.126	0.0
DSC2	Q02487	False	DSC2_HUMAN		CPI-SS06D13FCD3	0.712	0.0	0.128	0.269	0.297	0.18	0.0	0.0	0.0	0.221	0.0	0.117	0.143	0.0
TEK	Q02763	False	TIE2_HUMAN		CPI-SS0B337B316	0.0	0.0	0.0	0.0	0.0	0.014	0.0	0.0	0.0	0.0	0.0	0.0	0.0	0.0
TEK	Q02763	False	TIE2_HUMAN		CPI-SS00BBA318F	0.0	0.0	0.0	0.0	0.0	0.014	0.0	0.0	0.0	0.0	0.0	0.0	0.0	0.0
CD47	Q08722	False	CD47_HUMAN		CPI-SS0E9015902	29.438	3.911	1.901	4.905	2.526	2.578	2.607	2.113	3.894	1.971	2.054	2.615	15.458	67.277
IL16	Q14005	False	IL16_HUMAN		CPI-SS0893BD6B6	0.0	0.052	0.297	0.224	0.254	0.179	0.401	0.386	0.395	0.155	0.279	0.169	0.0	0.0
LAIR1	Q6GTX8	False	LAIR1_HUMAN		CPI-SS067BA9202	0.411	0.217	0.108	0.272	0.174	0.258	0.177	0.922	0.514	0.248	0.085	0.191	0.0	0.0
PROKR2	Q8NFJ6	False	PKR2_HUMAN		CPI-SS027E57635	0.0	0.0	0.207	0.03	0.0	0.0	0.0	0.0	0.0	0.001	0.014	0.0	0.0	0.0
CLEC2B	Q92478	False	CLC2B_HUMAN		CPI-SS025C8F785	0.123	0.439	0.444	0.781	0.426	0.859	0.926	0.0	0.159	0.355	0.218	0.719	0.221	0.0
ESAM	Q96AP7	False	ESAM_HUMAN		CPI-SS04C672963	0.0	0.179	0.489	0.1	0.024	0.007	0.048	0.0	0.0	0.079	0.032	0.062	0.103	0.309
TNFSF9	P41273	False	TNFL9_HUMAN		CPI-SS028784FC6	0.0	0.0	0.0	0.012	0.006	0.012	0.0	0.0	0.0	0.0	0.0	0.0	0.0	0.0
TNFSF9	P41273	False	TNFL9_HUMAN		CPI-SS00A8596B5	0.0	0.0	0.0	0.012	0.006	0.012	0.0	0.0	0.0	0.0	0.0	0.0	0.0	0.0
CD96	P40200	False	TACT_HUMAN		CPI-SS0B84DAE3D	0.356	1.662	0.0	0.345	0.065	0.011	0.974	0.0	0.159	0.223	0.696	0.13	0.054	0.0
CD226	Q15762	False	CD226_HUMAN		CPI-SS0A8627ED6	0.0	0.089	0.0	0.0	0.0	0.0	0.14	0.0	0.0	0.0	0.172	0.0	0.112	0.309
TIGIT	Q495A1	False	TIGIT_HUMAN		CPI-SS00561BBD7	0.0	0.487	0.0	0.0	0.0	0.006	0.976	0.0	0.0	0.002	0.109	0.0	0.0	0.0
NECTIN3	Q9NQS3	False	PVRL3_HUMAN		CPI-SS0F1A060D4	0.0	0.0	0.0	0.0	0.0	0.01	0.0	0.0	0.0	0.0	0.0	0.0	0.0	0.0
NECTIN3	Q9NQS3	False	PVRL3_HUMAN		CPI-SS0B990492C	0.0	0.0	0.0	0.0	0.0	0.01	0.0	0.0	0.0	0.0	0.0	0.0	0.0	0.0
NECTIN3	Q9NQS3	False	PVRL3_HUMAN		CPI-SS03859E16F	0.0	0.0	0.0	0.0	0.0	0.01	0.0	0.0	0.0	0.0	0.0	0.0	0.0	0.0
NECTIN3	Q9NQS3	False	PVRL3_HUMAN		CPI-SS02FBD007E	0.0	0.0	0.0	0.0	0.0	0.01	0.0	0.0	0.0	0.0	0.0	0.0	0.0	0.0
CADM1	Q9BY67	False	CADM1_HUMAN		CPI-SS0C9696AAA	0.0	0.0	0.0	0.0	0.0	0.019	0.034	0.0	0.0	0.0	0.0	0.0	0.0	0.0
NECTIN2	Q92692	False	PVRL2_HUMAN		CPI-SS0A5DF05C0	0.0	0.0	0.0	0.026	0.0	0.062	0.008	0.0	0.0	0.04	0.0	0.081	0.0	0.0
NECTIN2	Q92692	False	PVRL2_HUMAN		CPI-SS06207F70E	0.0	0.0	0.0	0.026	0.0	0.062	0.008	0.0	0.0	0.04	0.0	0.081	0.0	0.0
KLRG1	Q96E93	False	KLRG1_HUMAN		CPI-SS0CC5DCE80	0.0	1.017	0.0	0.108	0.024	0.008	0.607	0.0	0.843	0.038	0.085	0.028	0.045	0.0
CD44	P16070	False	CD44_HUMAN		CPI-SS02AB0C3E0	0.397	0.468	0.425	0.644	0.937	1.897	0.939	0.317	0.109	0.605	0.826	0.898	0.139	0.359
CD44	P16070	False	CD44_HUMAN		CPI-SS0703338F5	0.397	0.468	0.425	0.644	0.937	1.897	0.939	0.317	0.109	0.605	0.826	0.898	0.139	0.359
CD44	P16070	False	CD44_HUMAN		CPI-SS03722104E	0.397	0.468	0.425	0.644	0.937	1.897	0.939	0.317	0.109	0.605	0.826	0.898	0.139	0.359
FGFR1	P11362	False	FGFR1_HUMAN		CPI-SS0F2C6A4D4	0.0	0.0	0.055	0.004	0.0	0.05	0.033	0.0	0.0	0.038	0.0	0.033	0.0	0.0
FGFR3	P22607	False	FGFR3_HUMAN		CPI-SS0E134097C	0.0	0.0	0.0	0.011	0.0	0.0	0.0	0.0	0.0	0.013	0.0	0.017	0.0	0.0
FGFR3	P22607	False	FGFR3_HUMAN		CPI-SS00E68BB92	0.0	0.0	0.0	0.011	0.0	0.0	0.0	0.0	0.0	0.013	0.0	0.017	0.0	0.0
PTGER4	P35408	False	PE2R4_HUMAN		CPI-SS0C1BD22BC	0.0	0.114	0.765	0.241	0.299	0.528	0.335	0.068	0.0	0.135	0.114	0.162	0.146	0.0
TGFBR3	Q03167	False	TGBR3_HUMAN		CPI-SS085EE60B1	0.0	0.324	0.0	0.021	0.0	0.0	0.722	0.0	0.0	0.002	0.0	0.0	0.0	0.0
TGFBR3	Q03167	False	TGBR3_HUMAN		CPI-SS0D46E2B45	0.0	0.324	0.0	0.021	0.0	0.0	0.722	0.0	0.0	0.002	0.0	0.0	0.0	0.0
FAM3C	Q92520	False	FAM3C_HUMAN		CPI-SS01158CABF	0.149	0.0	0.0	0.116	0.008	0.035	0.068	0.394	0.0	0.046	0.042	0.037	0.081	0.0
FAM3C	Q92520	False	FAM3C_HUMAN		CPI-SS034D36D2F	0.149	0.0	0.0	0.116	0.008	0.035	0.068	0.394	0.0	0.046	0.042	0.037	0.081	0.0
FAM3C	Q92520	False	FAM3C_HUMAN		CPI-SS055E061C9	0.149	0.0	0.0	0.116	0.008	0.035	0.068	0.394	0.0	0.046	0.042	0.037	0.081	0.0
FAM3C	Q92520	False	FAM3C_HUMAN		CPI-SS02CF96625	0.149	0.0	0.0	0.116	0.008	0.035	0.068	0.394	0.0	0.046	0.042	0.037	0.081	0.0
FAM3C	Q92520	False	FAM3C_HUMAN		CPI-SS033CB0BB2	0.149	0.0	0.0	0.116	0.008	0.035	0.068	0.394	0.0	0.046	0.042	0.037	0.081	0.0
FAM3C	Q92520	False	FAM3C_HUMAN		CPI-SS0AFC7BACF	0.149	0.0	0.0	0.116	0.008	0.035	0.068	0.394	0.0	0.046	0.042	0.037	0.081	0.0
TNF	P01375	False	TNFA_HUMAN		CPI-SS072E1E27A	0.0	0.098	0.0	0.0	0.02	0.094	0.026	0.0	0.0	0.003	0.071	0.016	0.0	0.0
KIR2DL3	P43628	False	KI2L3_HUMAN		CPI-SS0917CBD53	0.0	0.0	0.0	0.0	0.0	0.0	0.038	0.0	0.0	0.0	0.0	0.0	0.0	0.0
VSTM1	Q6UX27	False	VSTM1_HUMAN		CPI-SS064281234	0.0	0.0	0.0	0.016	0.191	0.056	0.0	0.0	0.0	0.007	0.0	0.0	0.0	0.0
CD274	Q9NZQ7	False	PD1L1_HUMAN		CPI-SS08F13AD5C	0.0	0.213	0.0	0.0	0.0	0.005	0.0	0.0	0.0	0.0	0.009	0.0	0.0	0.0
NRG1	Q02297	False	NRG1_HUMAN		CPI-SS076BC3BA6	0.0	0.0	0.277	0.06	0.015	0.068	0.0	0.0	0.0	0.0	0.0	0.0	0.105	0.0
NRG1	Q02297	False	NRG1_HUMAN		CPI-SS09375CA29	0.0	0.0	0.277	0.06	0.015	0.068	0.0	0.0	0.0	0.0	0.0	0.0	0.105	0.0
NRG1	Q02297	False	NRG1_HUMAN		CPI-SS00A953C3A	0.0	0.0	0.277	0.06	0.015	0.068	0.0	0.0	0.0	0.0	0.0	0.0	0.105	0.0
NRG1	Q02297	False	NRG1_HUMAN		CPI-SS0BF9FA3F2	0.0	0.0	0.277	0.06	0.015	0.068	0.0	0.0	0.0	0.0	0.0	0.0	0.105	0.0
MIF	P14174	False	MIF_HUMAN		CPI-SS0ABC5C1B8	0.333	1.177	1.038	1.302	0.257	0.364	0.999	3.204	1.887	2.166	0.859	1.093	2.495	0.78
AREG	P15514	False	AREG_HUMAN		CPI-SS0D4C221B8	0.256	0.091	2.486	0.691	0.094	0.196	0.15	0.273	2.165	0.535	0.045	0.261	0.032	0.0
GRN	P28799	False	GRN_HUMAN		CPI-SS0DA033F03	0.089	0.114	0.0	0.121	1.318	1.385	0.054	0.068	0.0	0.098	0.041	0.941	0.146	0.0
GRN	P28799	False	GRN_HUMAN		CPI-SS054D158CC	0.089	0.114	0.0	0.121	1.318	1.385	0.054	0.068	0.0	0.098	0.041	0.941	0.146	0.0
GRN	P28799	False	GRN_HUMAN		CPI-SS0C4E86714	0.089	0.114	0.0	0.121	1.318	1.385	0.054	0.068	0.0	0.098	0.041	0.941	0.146	0.0
COPA	P53621	False	COPA_HUMAN		CPI-SS0302E8E8F	0.0	0.431	0.403	0.263	0.519	0.395	0.415	0.068	0.0	0.303	0.082	0.275	0.203	2.378
COPA	P53621	False	COPA_HUMAN		CPI-SS0E6E8A727	0.0	0.431	0.403	0.263	0.519	0.395	0.415	0.068	0.0	0.303	0.082	0.275	0.203	2.378
HBEGF	Q99075	False	HBEGF_HUMAN		CPI-SS0632A027A	0.0	0.0	0.0	0.002	0.018	0.126	0.0	0.0	0.0	0.011	0.02	0.0	0.0	0.0
HBEGF	Q99075	False	HBEGF_HUMAN		CPI-SS03098AC28	0.0	0.0	0.0	0.002	0.018	0.126	0.0	0.0	0.0	0.011	0.02	0.0	0.0	0.0
TNFSF13B	Q9Y275	False	TN13B_HUMAN		CPI-SS05D23BCE8	1.158	0.0	0.06	0.106	1.209	1.521	0.082	0.0	0.219	0.117	0.053	0.794	0.588	2.535
TNFSF13B	Q9Y275	False	TN13B_HUMAN		CPI-SS03C51D352	1.158	0.0	0.06	0.106	1.209	1.521	0.082	0.0	0.219	0.117	0.053	0.794	0.588	2.535
TNFSF13B	Q9Y275	False	TN13B_HUMAN		CPI-SS03133B4F2	1.158	0.0	0.06	0.106	1.209	1.521	0.082	0.0	0.219	0.117	0.053	0.794	0.588	2.535
TNFSF13B	Q9Y275	False	TN13B_HUMAN		CPI-SS0E2863F09	1.158	0.0	0.06	0.106	1.209	1.521	0.082	0.0	0.219	0.117	0.053	0.794	0.588	2.535
APP	P05067	False	A4_HUMAN		CPI-SS09808DEAE	0.0	0.0	0.335	0.265	0.175	0.133	0.0	0.0	0.0	0.223	0.062	0.122	0.031	0.0
SPN	P16150	False	LEUK_HUMAN		CPI-SS09C4FCB90	0.832	1.656	3.662	2.428	0.764	0.706	1.971	1.312	0.72	2.119	0.756	1.103	2.127	1.048
ITGAL	P20701	False	ITAL_HUMAN		CPI-SS0E9A581F8	0.149	0.667	0.06	0.113	0.475	0.714	1.038	0.168	0.0	0.056	0.502	0.494	0.093	0.0
FASLG	P48023	False	TNFL6_HUMAN		CPI-SS0A4F27388	0.0	0.0	0.0	0.0	0.0	0.0	0.057	0.0	0.0	0.0	0.0	0.0	0.0	0.0
FASLG	P48023	False	TNFL6_HUMAN		CPI-SS0049FD74F	0.0	0.0	0.0	0.0	0.0	0.0	0.057	0.0	0.0	0.0	0.0	0.0	0.0	0.0
FASLG	P48023	False	TNFL6_HUMAN		CPI-SS03A0C857B	0.0	0.0	0.0	0.0	0.0	0.0	0.057	0.0	0.0	0.0	0.0	0.0	0.0	0.0
GPI	P06744	False	G6PI_HUMAN		CPI-SS0B1AB068C	0.384	0.472	0.0	0.156	0.074	0.101	0.243	0.0	0.236	0.15	0.17	0.078	0.147	0.155
NAMPT	P43490	False	NAMPT_HUMAN		CPI-SS0391D4602	0.156	0.089	0.0	0.066	0.881	0.64	0.116	0.149	0.374	0.043	0.034	0.347	0.08	0.0
NAMPT	P43490	False	NAMPT_HUMAN		CPI-SS00A6D366F	0.156	0.089	0.0	0.066	0.881	0.64	0.116	0.149	0.374	0.043	0.034	0.347	0.08	0.0
AIMP1	Q12904	False	AIMP1_HUMAN		CPI-SS05D1A6BEF	0.092	0.0	0.543	0.244	0.313	0.326	0.229	0.0	0.0	0.259	0.107	0.261	0.441	0.337
NRG4	Q8WWG1	False	NRG4_HUMAN		CPI-SS074CF011C	0.0	0.0	0.0	0.018	0.0	0.0	0.0	0.0	0.0	0.008	0.0	0.0	0.0	0.0
VSIR	Q9H7M9	False	GI24_HUMAN		CPI-SS03FA58286	0.0	0.496	0.154	0.435	0.824	1.368	0.547	0.1	0.054	0.296	0.237	1.098	0.183	0.097
LILRB2	Q8N423	False	LIRB2_HUMAN		CPI-SS0A76A8E97	0.256	0.0	0.0	0.077	0.662	1.06	0.0	0.0	0.0	0.014	0.0	1.357	0.0	0.0
LILRB2	Q8N423	False	LIRB2_HUMAN		CPI-SS0EAB03260	0.256	0.0	0.0	0.077	0.662	1.06	0.0	0.0	0.0	0.014	0.0	1.357	0.0	0.0
LILRB1	Q8NHL6	False	LIRB1_HUMAN		CPI-SS00150FB64	0.133	0.107	0.0	0.022	0.091	0.544	0.188	0.068	0.0	0.007	0.0	0.56	0.0	0.0
CCR5	P51681	False	CCR5_HUMAN		CPI-SS0B01D306C	0.0	0.205	0.0	0.006	0.01	0.039	0.083	0.0	0.0	0.002	0.045	0.05	0.0	0.0
SLC7A1	P30825	False	CTR1_HUMAN		CPI-SS03105D292	0.0	0.0	0.108	0.05	0.0	0.005	0.009	0.0	0.0	0.111	0.019	0.029	0.155	0.309
IDE	P14735	False	IDE_HUMAN		CPI-SS0A3569604	0.22	0.103	0.0	0.08	0.08	0.137	0.0	0.343	0.0	0.128	0.151	0.135	0.051	0.0
IGF1R	P08069	False	IGF1R_HUMAN		CPI-SS0579FA162	0.0	0.0	0.06	0.067	0.117	0.057	0.164	0.0	0.0	0.041	0.048	0.057	0.051	1.013
IGF1R	P08069	False	IGF1R_HUMAN		CPI-SS0E41702C1	0.0	0.0	0.06	0.067	0.117	0.057	0.164	0.0	0.0	0.041	0.048	0.057	0.051	1.013
IGF2R	P11717	False	MPRI_HUMAN		CPI-SS042A6F835	0.0	0.384	0.099	0.049	0.749	0.673	0.458	0.298	0.473	0.04	0.051	0.088	0.014	0.858
SORT1	Q99523	False	SORT_HUMAN		CPI-SS09A36B221	0.0	0.179	0.0	0.076	0.491	0.349	0.0	0.0	0.236	0.178	0.0	0.394	0.089	0.0
SORT1	Q99523	False	SORT_HUMAN		CPI-SS07CCAD9BF	0.0	0.179	0.0	0.076	0.491	0.349	0.0	0.0	0.236	0.178	0.0	0.394	0.089	0.0
SORT1	Q99523	False	SORT_HUMAN		CPI-SS04F3A1E5C	0.0	0.179	0.0	0.076	0.491	0.349	0.0	0.0	0.236	0.178	0.0	0.394	0.089	0.0
F11R	Q9Y624	False	JAM1_HUMAN		CPI-SS03F0B666C	0.511	0.0	0.079	0.433	0.378	0.303	0.137	0.0	0.054	0.266	0.026	0.286	0.2	0.155
CD200R1	Q8TD46	False	MO2R1_HUMAN		CPI-SS0A9E884E0	0.0	0.0	0.0	0.0	0.044	0.003	0.0	0.0	0.0	0.006	0.013	0.0	0.0	0.0
CLEC2D	Q9UHP7	False	CLC2D_HUMAN		CPI-SS0E292C126	0.092	1.389	0.359	0.366	0.157	0.174	1.163	1.244	0.473	0.451	0.793	0.21	0.639	0.0
CLEC2D	Q9UHP7	False	CLC2D_HUMAN		CPI-SS02A0FF87F	0.092	1.389	0.359	0.366	0.157	0.174	1.163	1.244	0.473	0.451	0.793	0.21	0.639	0.0
DAG1	Q14118	False	DAG1_HUMAN		CPI-SS0F8EFEECF	0.0	0.0	0.0	0.019	0.0	0.007	0.0	0.0	0.0	0.012	0.014	0.0	0.0	0.0
DAG1	Q14118	False	DAG1_HUMAN		CPI-SS0BD9F32BA	0.0	0.0	0.0	0.019	0.0	0.007	0.0	0.0	0.0	0.012	0.014	0.0	0.0	0.0
NOTCH1	P46531	False	NOTC1_HUMAN		CPI-SS02EBC1BB0	0.0	0.0	0.079	0.061	0.0	0.022	0.013	0.0	0.0	0.016	0.023	0.006	0.0	0.097
NOTCH1	P46531	False	NOTC1_HUMAN		CPI-SS04A5D6B6F	0.0	0.0	0.079	0.061	0.0	0.022	0.013	0.0	0.0	0.016	0.023	0.006	0.0	0.097
SEMA4C	Q9C0C4	False	SEM4C_HUMAN		CPI-SS0B81F1BF5	0.0	0.0	0.0	0.0	0.0	0.0	0.035	0.0	0.0	0.002	0.0	0.0	0.0	0.0
SEMA4C	Q9C0C4	False	SEM4C_HUMAN		CPI-SS0AB21032D	0.0	0.0	0.0	0.0	0.0	0.0	0.035	0.0	0.0	0.002	0.0	0.0	0.0	0.0
ICOS	Q9Y6W8	False	ICOS_HUMAN		CPI-SS03B8E2D7A	0.0	0.0	0.0	0.0	0.0	0.0	0.0	0.0	0.0	0.0	0.052	0.0	0.0	0.0
TNFRSF1A	P19438	False	TNR1A_HUMAN		CPI-SS04B4619D0	0.0	0.114	0.076	0.235	0.244	0.46	0.067	0.0	0.428	0.247	0.012	0.48	0.211	0.0
TNFRSF1A	P19438	False	TNR1A_HUMAN		CPI-SS084BE3E4B	0.0	0.114	0.076	0.235	0.244	0.46	0.067	0.0	0.428	0.247	0.012	0.48	0.211	0.0
TNFRSF1A	P19438	False	TNR1A_HUMAN		CPI-SS0F9B3B259	0.0	0.114	0.076	0.235	0.244	0.46	0.067	0.0	0.428	0.247	0.012	0.48	0.211	0.0
FAS	P25445	False	TNR6_HUMAN		CPI-SS08B7D54A3	0.276	0.472	0.0	0.024	0.152	0.056	0.12	0.747	0.0	0.027	0.007	0.013	0.0	0.0
FAS	P25445	False	TNR6_HUMAN		CPI-SS0A83A7E30	0.276	0.472	0.0	0.024	0.152	0.056	0.12	0.747	0.0	0.027	0.007	0.013	0.0	0.0
TNFRSF1B	P20333	False	TNR1B_HUMAN		CPI-SS0E7D5974D	0.092	0.325	0.0	0.336	1.371	2.068	1.106	0.0	0.0	0.232	0.245	2.127	0.049	0.0
TNFRSF1B	P20333	False	TNR1B_HUMAN		CPI-SS07D9A48A2	0.092	0.325	0.0	0.336	1.371	2.068	1.106	0.0	0.0	0.232	0.245	2.127	0.049	0.0
RIPK1	Q13546	False	RIPK1_HUMAN		CPI-SS048A2311A	0.576	0.269	0.163	0.12	0.143	0.177	0.098	0.0	0.0	0.104	0.236	0.135	0.303	0.0
RIPK1	Q13546	False	RIPK1_HUMAN		CPI-SS0D5C54214	0.576	0.269	0.163	0.12	0.143	0.177	0.098	0.0	0.0	0.104	0.236	0.135	0.303	0.0
RIPK1	Q13546	False	RIPK1_HUMAN		CPI-SS0DEDA3567	0.576	0.269	0.163	0.12	0.143	0.177	0.098	0.0	0.0	0.104	0.236	0.135	0.303	0.0
CELSR2	Q9HCU4	False	CELR2_HUMAN		CPI-SS034B442CE	0.256	0.0	0.0	0.0	0.04	0.0	0.0	0.0	0.0	0.002	0.0	0.0	0.0	0.0
TNFSF13	O75888	False	TNF13_HUMAN		CPI-SS0DCA69916	0.0	0.0	0.0	0.038	0.313	0.403	0.0	0.0	0.0	0.116	0.0	0.393	0.106	0.155
BDNF	P23560	False	BDNF_HUMAN		CPI-SS01BCB9360	0.0	0.0	0.0	0.0	0.0	0.007	0.0	0.0	0.0	0.003	0.0	0.0	0.044	0.0
IL24	Q13007	False	IL24_HUMAN		CPI-SS07D71C546	0.0	0.0	0.0	0.0	0.0	0.0	0.0	0.0	0.0	0.004	0.0	0.0	0.0	0.0
DLL4	Q9NR61	False	DLL4_HUMAN		CPI-SS027CDEA08	0.0	0.0	0.0	0.0	0.0	0.0	0.022	0.0	0.0	0.0	0.04	0.0	0.0	0.0
DLL4	Q9NR61	False	DLL4_HUMAN		CPI-SS012B7C21D	0.0	0.0	0.0	0.0	0.0	0.0	0.022	0.0	0.0	0.0	0.04	0.0	0.0	0.0
DLL4	Q9NR61	False	DLL4_HUMAN		CPI-SS00D153A8A	0.0	0.0	0.0	0.0	0.0	0.0	0.022	0.0	0.0	0.0	0.04	0.0	0.0	0.0
JAG1	P78504	False	JAG1_HUMAN		CPI-SS0B87FE6E0	0.0	0.0	0.0	0.031	0.024	0.026	0.0	0.0	0.0	0.006	0.0	0.065	0.0	0.0
JAG1	P78504	False	JAG1_HUMAN		CPI-SS01A07768A	0.0	0.0	0.0	0.031	0.024	0.026	0.0	0.0	0.0	0.006	0.0	0.065	0.0	0.0
DLK1	P80370	False	DLK1_HUMAN		CPI-SS0A34EE366	0.0	0.077	0.0	0.027	0.04	0.003	0.0	0.0	0.0	0.002	0.0	0.0	0.075	0.0
CCR2	P41597	False	CCR2_HUMAN		CPI-SS0CF0E4DE9	0.0	0.0	0.0	0.004	0.185	0.358	0.068	0.0	0.0	0.0	0.046	0.09	0.0	0.0
CCR1	P32246	False	CCR1_HUMAN		CPI-SS0A021DB6E	0.0	0.112	0.0	0.008	0.391	0.438	0.048	0.0	0.0	0.003	0.0	0.36	0.0	0.0
ACKR4	Q9NPB9	False	ACKR4_HUMAN		CPI-SS0F3BF2B34	0.0	0.053	0.0	0.018	0.0	0.0	0.0	0.0	0.0	0.004	0.0	0.0	0.0	0.0
DPP4	P27487	False	DPP4_HUMAN		CPI-SS0AEC33FF1	0.0	0.0	0.207	0.033	0.0	0.003	0.027	0.0	0.0	0.004	0.13	0.0	0.0	0.0
DPP4	P27487	False	DPP4_HUMAN		CPI-SS0CC738ABC	0.0	0.0	0.207	0.033	0.0	0.003	0.027	0.0	0.0	0.004	0.13	0.0	0.0	0.0
DPP4	P27487	False	DPP4_HUMAN		CPI-SS0CDAC688B	0.0	0.0	0.207	0.033	0.0	0.003	0.027	0.0	0.0	0.004	0.13	0.0	0.0	0.0
CXCR3	P49682	False	CXCR3_HUMAN		CPI-SS01A6823FA	0.0	0.0	0.0	0.0	0.0	0.0	0.0	0.0	0.0	0.0	0.026	0.0	0.0	0.0
CXCR3	P49682	False	CXCR3_HUMAN		CPI-SS09FAC4977	0.0	0.0	0.0	0.0	0.0	0.0	0.0	0.0	0.0	0.0	0.026	0.0	0.0	0.0
CXCR2	P25025	False	CXCR2_HUMAN		CPI-SS08102DC9E	0.0	0.0	0.0	0.0	0.02	0.0	0.033	0.0	0.0	0.002	0.0	0.0	0.0	0.0
CXCR2	P25025	False	CXCR2_HUMAN		CPI-SS0315F51DD	0.0	0.0	0.0	0.0	0.02	0.0	0.033	0.0	0.0	0.002	0.0	0.0	0.0	0.0
CXCR2	P25025	False	CXCR2_HUMAN		CPI-SS0F562FEA5	0.0	0.0	0.0	0.0	0.02	0.0	0.033	0.0	0.0	0.002	0.0	0.0	0.0	0.0
CXCR2	P25025	False	CXCR2_HUMAN		CPI-SS0C491A3C1	0.0	0.0	0.0	0.0	0.02	0.0	0.033	0.0	0.0	0.002	0.0	0.0	0.0	0.0
CXCR2	P25025	False	CXCR2_HUMAN		CPI-SS09185EA8F	0.0	0.0	0.0	0.0	0.02	0.0	0.033	0.0	0.0	0.002	0.0	0.0	0.0	0.0
LRP1	Q07954	False	LRP1_HUMAN		CPI-SS0419B80C4	0.0	0.0	0.0	0.023	1.049	1.143	0.027	0.0	0.0	0.009	0.01	0.724	0.0	0.0
LRP1	Q07954	False	LRP1_HUMAN		CPI-SS02928C71A	0.0	0.0	0.0	0.023	1.049	1.143	0.027	0.0	0.0	0.009	0.01	0.724	0.0	0.0
LRP1	Q07954	False	LRP1_HUMAN		CPI-SS006C6537E	0.0	0.0	0.0	0.023	1.049	1.143	0.027	0.0	0.0	0.009	0.01	0.724	0.0	0.0
CD47	Q08722	False	CD47_HUMAN		CPI-SS014958F32	29.438	3.911	1.901	4.905	2.526	2.578	2.607	2.113	3.894	1.971	2.054	2.615	15.458	67.277
CD47	Q08722	False	CD47_HUMAN		CPI-SS0339AE950	29.438	3.911	1.901	4.905	2.526	2.578	2.607	2.113	3.894	1.971	2.054	2.615	15.458	67.277
PTPRK	Q15262	False	PTPRK_HUMAN		CPI-SS0A9FB762A	0.123	0.0	0.0	0.0	0.0	0.0	0.0	0.0	0.0	0.0	0.0	0.0	0.0	0.0
SLC1A5	Q15758	False	AAAT_HUMAN		CPI-SS002DF6C31	0.0	0.0	0.0	0.059	0.154	0.085	0.085	0.0	0.0	0.082	0.007	0.048	0.064	0.359
HAVCR2	Q8TDQ0	False	HAVR2_HUMAN		CPI-SS0E23CEB91	0.0	0.0	0.0	0.052	0.047	0.145	0.052	0.0	0.0	0.006	0.025	0.088	0.0	0.0
SORL1	Q92673	False	SORL_HUMAN		CPI-SS09C52F54E	0.557	1.397	1.095	0.418	0.732	0.613	0.678	0.0	0.556	0.439	0.54	0.328	0.033	0.097
SORL1	Q92673	False	SORL_HUMAN		CPI-SS083CBFACD	0.557	1.397	1.095	0.418	0.732	0.613	0.678	0.0	0.556	0.439	0.54	0.328	0.033	0.097
PDGFRB	P09619	False	PGFRB_HUMAN		CPI-SS05A26A1DE	0.0	0.0	0.0	0.029	0.0	0.0	0.0	0.0	0.0	0.007	0.0	0.0	0.059	0.0
PDGFRA	P16234	False	PGFRA_HUMAN		CPI-SS0FEEB187C	0.0	0.0	0.0	0.0	0.0	0.006	0.0	0.0	0.0	0.0	0.012	0.0	0.0	0.0
PDGFRA	P16234	False	PGFRA_HUMAN		CPI-SS0B70EB09E	0.0	0.0	0.0	0.0	0.0	0.006	0.0	0.0	0.0	0.0	0.012	0.0	0.0	0.0
FZD1	Q9UP38	False	FZD1_HUMAN		CPI-SS0E7523314	0.0	0.0	0.0	0.0	0.0	0.028	0.0	0.0	0.0	0.0	0.0	0.0	0.0	0.0
TNFSF10	P50591	False	TNF10_HUMAN		CPI-SS0179FBFD3	0.123	0.332	0.464	0.158	2.513	3.509	0.425	0.857	0.421	0.084	0.264	2.451	0.044	0.456
TNFSF10	P50591	False	TNF10_HUMAN		CPI-SS0898D7F7F	0.123	0.332	0.464	0.158	2.513	3.509	0.425	0.857	0.421	0.084	0.264	2.451	0.044	0.456
TNFSF10	P50591	False	TNF10_HUMAN		CPI-SS01ECFDA18	0.123	0.332	0.464	0.158	2.513	3.509	0.425	0.857	0.421	0.084	0.264	2.451	0.044	0.456
NCAM1	P13591	False	NCAM1_HUMAN		CPI-SS039799099	0.0	0.0	0.108	0.009	0.026	0.028	0.21	0.0	0.0	0.01	0.018	0.03	0.025	0.0
FGF7	P21781	False	FGF7_HUMAN		CPI-SS07833475A	0.0	0.123	0.0	0.007	0.0	0.0	0.0	0.0	0.0	0.008	0.0	0.0	0.0	0.0
FGF23	Q9GZV9	False	FGF23_HUMAN		CPI-SS07A0F4D73	0.398	0.0	0.0	0.204	0.12	0.181	0.196	0.868	0.0	0.189	0.155	0.085	0.077	0.097
FGF23	Q9GZV9	False	FGF23_HUMAN		CPI-SS0883B7EE4	0.398	0.0	0.0	0.204	0.12	0.181	0.196	0.868	0.0	0.189	0.155	0.085	0.077	0.097
EPHA4	P54764	False	EPHA4_HUMAN		CPI-SS0E63AB61E	0.0	0.0	0.0	0.0	0.0	0.0	0.045	0.0	0.0	0.0	0.107	0.0	0.0	0.0
EPHA4	P54764	False	EPHA4_HUMAN		CPI-SS0EBFE1854	0.0	0.0	0.0	0.0	0.0	0.0	0.045	0.0	0.0	0.0	0.107	0.0	0.0	0.0
EPHA4	P54764	False	EPHA4_HUMAN		CPI-SS0659DBE72	0.0	0.0	0.0	0.0	0.0	0.0	0.045	0.0	0.0	0.0	0.107	0.0	0.0	0.0
EPHA4	P54764	False	EPHA4_HUMAN		CPI-SS0FC01B947	0.0	0.0	0.0	0.0	0.0	0.0	0.045	0.0	0.0	0.0	0.107	0.0	0.0	0.0
EPHA4	P54764	False	EPHA4_HUMAN		CPI-SS087E0E3FB	0.0	0.0	0.0	0.0	0.0	0.0	0.045	0.0	0.0	0.0	0.107	0.0	0.0	0.0
EPHA4	P54764	False	EPHA4_HUMAN		CPI-SS0D1AE5C79	0.0	0.0	0.0	0.0	0.0	0.0	0.045	0.0	0.0	0.0	0.107	0.0	0.0	0.0
NOTCH2	Q04721	False	NOTC2_HUMAN		CPI-SS0423580E5	0.0	0.0	0.0	0.06	0.326	0.599	0.122	0.0	0.0	0.072	0.027	0.521	0.06	0.0
NOTCH2	Q04721	False	NOTC2_HUMAN		CPI-SS060B82BBC	0.0	0.0	0.0	0.06	0.326	0.599	0.122	0.0	0.0	0.072	0.027	0.521	0.06	0.0
NOTCH2	Q04721	False	NOTC2_HUMAN		CPI-SS0E1A8414D	0.0	0.0	0.0	0.06	0.326	0.599	0.122	0.0	0.0	0.072	0.027	0.521	0.06	0.0
NOTCH4	Q99466	False	NOTC4_HUMAN		CPI-SS0FB5FE587	0.0	0.0	0.0	0.007	0.0	0.023	0.0	0.0	0.0	0.003	0.0	0.111	0.057	0.0
NOTCH4	Q99466	False	NOTC4_HUMAN		CPI-SS0837E9F59	0.0	0.0	0.0	0.007	0.0	0.023	0.0	0.0	0.0	0.003	0.0	0.111	0.057	0.0
NOTCH4	Q99466	False	NOTC4_HUMAN		CPI-SS0D37C7C70	0.0	0.0	0.0	0.007	0.0	0.023	0.0	0.0	0.0	0.003	0.0	0.111	0.057	0.0
SEMA4D	Q92854	False	SEM4D_HUMAN		CPI-SS08FAC0A55	0.184	0.204	0.307	0.07	0.195	0.113	0.43	0.168	0.0	0.113	0.398	0.067	0.086	0.0
SEMA4D	Q92854	False	SEM4D_HUMAN		CPI-SS0CCCF7C69	0.184	0.204	0.307	0.07	0.195	0.113	0.43	0.168	0.0	0.113	0.398	0.067	0.086	0.0
TNFRSF14	Q92956	False	TNR14_HUMAN		CPI-SS0110361CB	0.538	0.22	0.214	0.136	0.246	0.353	0.322	0.068	0.421	0.064	0.228	0.153	0.088	0.097
TNFRSF14	Q92956	False	TNR14_HUMAN		CPI-SS0C28FEC7D	0.538	0.22	0.214	0.136	0.246	0.353	0.322	0.068	0.421	0.064	0.228	0.153	0.088	0.097
TNFRSF14	Q92956	False	TNR14_HUMAN		CPI-SS019C98396	0.538	0.22	0.214	0.136	0.246	0.353	0.322	0.068	0.421	0.064	0.228	0.153	0.088	0.097
TNFRSF14	Q92956	False	TNR14_HUMAN		CPI-SS0879B8E95	0.538	0.22	0.214	0.136	0.246	0.353	0.322	0.068	0.421	0.064	0.228	0.153	0.088	0.097
TNFRSF14	Q92956	False	TNR14_HUMAN		CPI-SS02ACCF1F7	0.538	0.22	0.214	0.136	0.246	0.353	0.322	0.068	0.421	0.064	0.228	0.153	0.088	0.097
TNFRSF14	Q92956	False	TNR14_HUMAN		CPI-SS08330207B	0.538	0.22	0.214	0.136	0.246	0.353	0.322	0.068	0.421	0.064	0.228	0.153	0.088	0.097
TNFRSF17	Q02223	False	TNR17_HUMAN		CPI-SS0B89DD8C1	0.0	0.0	0.0	0.0	0.0	0.0	0.0	0.978	0.0	0.0	0.0	0.0	0.0	0.0
TNFRSF10D	Q9UBN6	False	TR10D_HUMAN		CPI-SS095E52E66	0.0	0.0	0.0	0.052	0.018	0.036	0.0	0.0	0.0	0.008	0.012	0.071	0.025	0.0
TNFRSF10D	Q9UBN6	False	TR10D_HUMAN		CPI-SS059EEFDC6	0.0	0.0	0.0	0.052	0.018	0.036	0.0	0.0	0.0	0.008	0.012	0.071	0.025	0.0
EPHA3	P29320	False	EPHA3_HUMAN		CPI-SS0C875BA24	0.0	0.0	0.0	0.0	0.0	0.0	0.022	0.0	0.0	0.003	0.0	0.0	0.0	0.0
EPHA3	P29320	False	EPHA3_HUMAN		CPI-SS09CA492BA	0.0	0.0	0.0	0.0	0.0	0.0	0.022	0.0	0.0	0.003	0.0	0.0	0.0	0.0
CCL2	P13500	False	CCL2_HUMAN		CPI-SS03165AD8C	0.0	0.0	0.0	0.0	0.0	0.033	0.0	0.0	0.0	0.0	0.0	0.0	0.0	0.0
CCL5	P13501	False	CCL5_HUMAN		CPI-SS0AE4CF4E7	0.0	9.808	0.0	0.058	0.147	0.103	8.983	0.0	0.0	0.025	0.522	0.101	0.0	0.252
CCL5	P13501	False	CCL5_HUMAN		CPI-SS0DA291AD9	0.0	9.808	0.0	0.058	0.147	0.103	8.983	0.0	0.0	0.025	0.522	0.101	0.0	0.252
CCL8	P80075	False	CCL8_HUMAN		CPI-SS0BE8BE8E9	0.0	0.0	0.0	0.0	0.38	0.012	0.0	0.0	0.0	0.0	0.0	0.337	0.0	0.0
CCL8	P80075	False	CCL8_HUMAN		CPI-SS09AFCF898	0.0	0.0	0.0	0.0	0.38	0.012	0.0	0.0	0.0	0.0	0.0	0.337	0.0	0.0
CCL8	P80075	False	CCL8_HUMAN		CPI-SS0F8C2FA91	0.0	0.0	0.0	0.0	0.38	0.012	0.0	0.0	0.0	0.0	0.0	0.337	0.0	0.0
CCL8	P80075	False	CCL8_HUMAN		CPI-SS0DFAF1FE2	0.0	0.0	0.0	0.0	0.38	0.012	0.0	0.0	0.0	0.0	0.0	0.337	0.0	0.0
CCL28	Q9NRJ3	False	CCL28_HUMAN		CPI-SS091B461CB	0.256	0.0	0.0	0.049	0.048	0.009	0.0	0.0	0.0	0.092	0.04	0.015	0.015	0.219
SELL	P14151	False	LYAM1_HUMAN		CPI-SS08920B6FF	0.297	0.781	0.279	0.324	1.221	0.706	0.955	0.494	0.249	0.218	0.679	0.182	0.0	0.0
ERBB4	Q15303	False	ERBB4_HUMAN		CPI-SS0FC42EC80	0.0	0.0	0.0	0.013	0.0	0.0	0.0	0.0	0.0	0.002	0.0	0.0	0.0	0.0
ERBB4	Q15303	False	ERBB4_HUMAN		CPI-SS0BD5C2A23	0.0	0.0	0.0	0.013	0.0	0.0	0.0	0.0	0.0	0.002	0.0	0.0	0.0	0.0
LSR	Q86X29	False	LSR_HUMAN		CPI-SS0708FE6FF	0.0	0.478	0.0	0.02	0.0	0.01	0.013	0.0	0.0	0.01	0.068	0.023	0.066	0.0
NETO2	Q8NC67	False	NETO2_HUMAN		CPI-SS0E075E5AF	0.0	0.0	0.0	0.0	0.013	0.023	0.0	0.0	0.0	0.017	0.041	0.0	0.011	0.0
MS4A4A	Q96JQ5	False	M4A4A_HUMAN		CPI-SS0978D28AB	0.0	0.0	0.0	0.0	0.008	0.143	0.0	0.0	0.0	0.0	0.0	0.087	0.0	0.0
BAG6	P46379	False	BAG6_HUMAN		CPI-SS027AFFC0E	0.256	0.219	0.055	0.121	0.024	0.163	0.133	0.0	0.0	0.082	0.052	0.342	0.147	0.0
NCR3LG1	Q68D85	False	NR3L1_HUMAN		CPI-SS0F94547B2	0.0	0.0	0.0	0.01	0.0	0.005	0.029	0.0	0.0	0.002	0.023	0.0	0.049	0.0
ARF1	P84077	False	ARF1_HUMAN		CPI-SS06A999D25	0.376	0.048	0.806	0.779	1.264	1.111	0.455	1.382	0.236	0.848	0.469	1.123	0.752	2.159
PLXND1	Q9Y4D7	False	PLXD1_HUMAN		CPI-SS044C72D0D	0.256	0.114	0.524	0.338	0.111	0.348	0.151	0.647	0.0	0.357	0.0	0.252	0.149	0.0
TEK	Q02763	False	TIE2_HUMAN		CPI-SS0BAB460FF	0.0	0.0	0.0	0.0	0.0	0.014	0.0	0.0	0.0	0.0	0.0	0.0	0.0	0.0
EFNB2	P52799	False	EFNB2_HUMAN		CPI-SS090FC28E1	0.0	0.0	0.138	0.0	0.0	0.0	0.0	0.0	0.0	0.0	0.0	0.0	0.0	0.0
EPHB4	P54760	False	EPHB4_HUMAN		CPI-SS08D0F9109	0.0	0.0	0.0	0.012	0.0	0.036	0.0	0.0	0.0	0.012	0.02	0.0	0.0	0.0
EFNA5	P52803	False	EFNA5_HUMAN		CPI-SS0BEAB521F	0.356	0.349	0.0	0.192	0.194	0.226	0.121	0.068	0.268	0.083	0.089	0.086	0.099	0.78
EPHB3	P54753	False	EPHB3_HUMAN		CPI-SS082ABF1EA	0.0	0.0	0.0	0.0	0.0	0.023	0.0	0.0	0.0	0.002	0.0	0.075	0.0	0.0
EFNA4	P52798	False	EFNA4_HUMAN		CPI-SS041888D39	0.0	0.0	0.0	0.021	0.0	0.01	0.0	0.0	0.0	0.004	0.015	0.0	0.0	0.0
IL16	Q14005	False	IL16_HUMAN		CPI-SS070B0E458	0.0	0.052	0.297	0.224	0.254	0.179	0.401	0.386	0.395	0.155	0.279	0.169	0.0	0.0
SIRPA	P78324	False	SHPS1_HUMAN		CPI-SS068C129D6	0.0	0.0	0.0	0.009	0.345	0.224	0.0	0.0	0.0	0.003	0.0	0.132	0.0	0.0
CEACAM8	P31997	False	CEAM8_HUMAN		CPI-SS0CCDBBBC0	0.0	0.0	0.0	0.0	0.0	0.0	0.0	0.0	0.0	0.0	0.019	0.0	0.0	0.0
GHRL	Q9UBU3	False	GHRL_HUMAN		CPI-SS042EB8C7A	0.0	0.0	0.0	0.0	0.035	0.005	0.0	0.0	0.0	0.0	0.009	0.0	0.0	0.0
GHRL	Q9UBU3	False	GHRL_HUMAN		CPI-SS05D406038	0.0	0.0	0.0	0.0	0.035	0.005	0.0	0.0	0.0	0.0	0.009	0.0	0.0	0.0
TNFRSF25	Q93038	False	TNR25_HUMAN		CPI-SS079DDF890	0.0	0.098	0.076	0.139	0.061	0.052	0.028	0.0	0.337	0.078	0.251	0.094	0.044	0.0
TNFRSF25	Q93038	False	TNR25_HUMAN		CPI-SS0B0CF0EDF	0.0	0.098	0.076	0.139	0.061	0.052	0.028	0.0	0.337	0.078	0.251	0.094	0.044	0.0
CKLF	Q9UBR5	False	CKLF_HUMAN		CPI-SS05B1FA8A8	0.0	0.367	0.055	0.183	0.207	0.292	0.29	0.376	0.109	0.112	0.164	0.094	0.077	0.0
P2RY6	Q15077	False	P2RY6_HUMAN		CPI-SS065F7DA2A	0.0	0.0	0.0	0.0	0.0	0.005	0.0	0.0	0.0	0.0	0.0	0.0	0.0	0.0
P2RY6	Q15077	False	P2RY6_HUMAN		CPI-SS09A3FA737	0.0	0.0	0.0	0.0	0.0	0.005	0.0	0.0	0.0	0.0	0.0	0.0	0.0	0.0
ENTPD1	P49961	False	ENTP1_HUMAN		CPI-SS03E273233	0.092	0.0	0.0	0.16	0.258	0.189	0.056	0.136	0.0	0.138	0.074	0.068	0.238	0.0
ENTPD1	P49961	False	ENTP1_HUMAN		CPI-SS0FF6CFDCA	0.092	0.0	0.0	0.16	0.258	0.189	0.056	0.136	0.0	0.138	0.074	0.068	0.238	0.0
C5AR1	P21730	False	C5AR1_HUMAN		CPI-SS00581282E	0.0	0.0	0.0	0.004	1.101	1.414	0.102	0.0	0.0	0.006	0.0	1.038	0.082	0.0
ADRB2	P07550	False	ADRB2_HUMAN		CPI-SS0C6448B94	0.0	0.074	0.0	0.0	0.0	0.014	0.427	0.0	0.0	0.002	0.026	0.0	0.0	0.0
CEACAM5	P06731	False	CEAM5_HUMAN		CPI-SS0C1F25516	0.133	0.0	0.0	0.016	0.074	0.009	0.0	0.0	0.0	0.0	0.0	0.045	0.0	0.0
FPR1	P21462	False	FPR1_HUMAN		CPI-SS0F739D3DB	0.0	0.0	0.0	0.0	0.662	0.706	0.024	0.0	0.0	0.012	0.0	0.037	0.0	2.574
RXFP1	Q9HBX9	False	RXFP1_HUMAN		CPI-SS0FAE75A75	0.0	0.0	0.0	0.0	0.041	0.012	0.0	0.0	0.0	0.01	0.0	0.011	0.0	0.0
TNFRSF9	Q07011	False	TNR9_HUMAN		CPI-SS0431D2256	0.0	0.0	0.0	0.012	0.017	0.0	0.0	0.0	0.0	0.014	0.0	0.023	0.0	0.155
ADGRG5	Q8IZF4	False	AGRG5_HUMAN		CPI-SS047CD2E9F	0.089	0.0	0.0	0.092	0.01	0.0	0.036	0.0	0.0	0.104	0.089	0.015	0.0	0.0
CD58	P19256	False	LFA3_HUMAN		CPI-SS00B1BEE64	0.0	0.0	0.0	0.103	0.083	0.147	0.066	0.0	0.0	0.07	0.092	0.08	0.12	0.0
CEACAM1	P13688	False	CEAM1_HUMAN		CPI-SS0B537DD3F	0.0	0.0	0.0	0.009	0.0	0.0	0.0	0.0	0.0	0.0	0.0	0.0	0.0	0.0
CD1D	P15813	False	CD1D_HUMAN		CPI-SS0AC66088D	0.0	0.0	0.0	0.0	0.205	0.226	0.0	0.0	0.0	0.003	0.0	0.129	0.009	0.0
AXL	P30530	False	UFO_HUMAN		CPI-SS0C85BC9AF	0.0	0.123	0.0	0.009	0.0	0.011	0.0	0.0	0.0	0.017	0.019	0.0	0.0	0.195
CSF1	P09603	False	CSF1_HUMAN		CPI-SS0B01CF3AB	0.0	0.0	0.0	0.017	0.0	0.0	0.009	0.0	0.0	0.019	0.0	0.0	0.014	0.0
ADGRE5	P48960	False	CD97_HUMAN		CPI-SS061A7E099	0.511	0.246	0.412	0.353	0.233	0.69	0.392	0.1	0.0	0.171	0.231	0.531	0.0	0.097
MRC1	P22897	False	MRC1_HUMAN		CPI-SS0822AEF5F	0.0	0.0	1.035	0.084	0.108	0.185	0.008	0.0	0.0	0.175	0.0	0.529	0.0	0.0
CD244	Q9BZW8	False	CD244_HUMAN		CPI-SS056FF4363	0.0	0.074	0.0	0.12	0.045	0.086	0.236	0.068	0.0	0.072	0.019	0.036	0.02	0.097
PDGFD	Q9GZP0	False	PDGFD_HUMAN		CPI-SS0D954EA1C	0.0	0.0	0.0	0.013	0.0	0.0	0.062	0.0	0.0	0.009	0.0	0.0	0.0	0.0
ALOX5AP	P20292	False	AL5AP_HUMAN		CPI-SS080611C5B	0.0	0.287	0.0	0.023	0.356	0.073	0.27	0.149	0.0	0.008	0.27	0.0	0.0	0.0
CD80	P33681	False	CD80_HUMAN		CPI-SS07327E587	0.243	0.0	0.0	0.0	0.0	0.014	0.0	0.0	0.0	0.002	0.01	0.065	0.014	0.0
CD80	P33681	False	CD80_HUMAN		CPI-SS0320FFAFC	0.243	0.0	0.0	0.0	0.0	0.014	0.0	0.0	0.0	0.002	0.01	0.065	0.014	0.0
CD86	P42081	False	CD86_HUMAN		CPI-SS077D7365D	0.605	0.0	0.0	0.015	0.81	1.024	0.0	0.1	0.0	0.007	0.037	0.306	0.0	0.0
CD86	P42081	False	CD86_HUMAN		CPI-SS0B0E09B1C	0.605	0.0	0.0	0.015	0.81	1.024	0.0	0.1	0.0	0.007	0.037	0.306	0.0	0.0
CD34	P28906	False	CD34_HUMAN		CPI-SS0EB5AEC83	0.7	0.0	1.133	1.344	0.059	0.03	0.207	0.376	1.436	1.166	0.099	0.423	0.3	0.281
CD34	P28906	False	CD34_HUMAN		CPI-SS015E1E2C6	0.7	0.0	1.133	1.344	0.059	0.03	0.207	0.376	1.436	1.166	0.099	0.423	0.3	0.281
SELPLG	Q14242	False	SELPL_HUMAN		CPI-SS087321EB5	0.0	0.123	0.24	0.205	0.487	0.67	0.406	0.847	0.0	0.199	0.604	0.618	0.2	0.0
SELPLG	Q14242	False	SELPL_HUMAN		CPI-SS02B7540B0	0.0	0.123	0.24	0.205	0.487	0.67	0.406	0.847	0.0	0.199	0.604	0.618	0.2	0.0
CD24	P25063	False	CD24_HUMAN		CPI-SS06ABF2F5A	1.382	0.0	0.0	0.0	0.0	0.007	0.0	0.0	0.0	0.008	0.0	0.0	0.016	0.0
PILRA	Q9UKJ1	False	PILRA_HUMAN		CPI-SS01560CA22	0.0	0.0	0.0	0.0	0.217	0.276	0.008	0.0	0.0	0.0	0.0	0.248	0.0	0.0
SIGLEC1	Q9BZZ2	False	SN_HUMAN		CPI-SS02A170A99	0.0	0.053	0.0	0.0	0.051	0.254	0.008	0.0	0.0	0.006	0.0	0.197	0.0	0.0
PDGFC	Q9NRA1	False	PDGFC_HUMAN		CPI-SS03CC15FF3	0.0	0.0	0.108	0.04	0.075	0.112	0.0	0.0	0.0	0.107	0.0	0.149	0.126	0.0
CD38	P28907	False	CD38_HUMAN		CPI-SS0E0DEA7D5	0.092	0.0	0.055	0.271	0.065	0.032	0.069	2.508	0.0	0.159	0.028	0.107	0.161	0.0
RPS19	P39019	False	RS19_HUMAN		CPI-SS01946BE5C	6.627	12.464	11.42	10.537	8.879	9.063	10.532	9.556	8.609	10.196	12.927	10.948	8.952	1.581
ALCAM	Q13740	False	CD166_HUMAN		CPI-SS08991B378	0.22	0.0	0.315	0.367	0.258	0.261	0.096	0.0	0.843	0.483	0.125	0.221	0.069	0.0
GAS6	Q14393	False	GAS6_HUMAN		CPI-SS03A4F7DC8	0.0	0.0	0.0	0.0	0.038	0.068	0.0	0.375	0.0	0.0	0.014	0.0	0.0	0.0
GAS6	Q14393	False	GAS6_HUMAN		CPI-SS0415CC75D	0.0	0.0	0.0	0.0	0.038	0.068	0.0	0.375	0.0	0.0	0.014	0.0	0.0	0.0
SIGLEC10	Q96LC7	False	SIG10_HUMAN		CPI-SS073C1B796	0.123	0.0	0.0	0.0	0.081	0.235	0.029	0.0	0.0	0.006	0.022	0.287	0.014	0.0
FLT3LG	P49771	False	FLT3L_HUMAN		CPI-SS076FEB261	0.0	0.086	0.0	0.013	0.052	0.022	0.221	0.0	0.0	0.004	0.318	0.031	0.0	0.0
LEPR	P48357	False	LEPR_HUMAN		CPI-SS066FE05CA	0.0	0.0	0.0	0.006	0.0	0.036	0.0	0.0	0.108	0.007	0.0	0.0	0.112	0.339
NMUR1	Q9HB89	False	NMUR1_HUMAN		CPI-SS018BD4882	0.0	0.0	0.0	0.03	0.0	0.0	0.094	0.0	0.0	0.005	0.0	0.006	0.0	0.0
DSC3	Q14574	False	DSC3_HUMAN		CPI-SS0B6F0C894	0.0	0.0	0.0	0.007	0.0	0.0	0.0	0.0	0.0	0.0	0.0	0.026	0.0	0.0
DSG2	Q14126	False	DSG2_HUMAN		CPI-SS06D13FCD3	0.0	0.0	0.0	0.101	0.0	0.0	0.037	0.0	0.325	0.102	0.012	0.017	0.126	0.0
ANGPT1	Q15389	False	ANGP1_HUMAN		CPI-SS0B337B316	0.476	0.347	1.242	1.62	0.205	0.145	0.16	0.0	0.797	1.085	0.061	0.296	1.175	1.294
ANGPT4	Q9Y264	False	ANGP4_HUMAN		CPI-SS00BBA318F	0.121	0.0	0.0	0.0	0.0	0.0	0.0	0.0	0.0	0.0	0.0	0.0	0.0	0.0
SIRPG	Q9P1W8	False	SIRPG_HUMAN		CPI-SS0E9015902	0.0	0.0	0.0	0.0	0.0	0.0	0.008	0.0	0.0	0.0	0.124	0.007	0.0	0.0
GRIN2C	Q14957	False	NMDE3_HUMAN		CPI-SS0893BD6B6	0.0	0.0	0.0	0.0	0.0	0.023	0.0	0.0	0.0	0.0	0.0	0.0	0.0	0.0
LILRB4	Q8NHJ6	False	LIRB4_HUMAN		CPI-SS067BA9202	0.075	0.0	0.0	0.0	0.195	0.232	0.0	0.068	0.0	0.0	0.01	0.218	0.036	0.0
PROK2	Q9HC23	False	PROK2_HUMAN		CPI-SS027E57635	0.0	0.0	0.196	0.014	0.174	0.01	0.026	0.0	0.0	0.029	0.012	0.019	0.013	0.0
KLRF1	Q9NZS2	False	KLRF1_HUMAN		CPI-SS025C8F785	0.0	0.209	0.0	0.0	0.0	0.004	0.398	0.0	0.0	0.0	0.0	0.0	0.0	0.0
KLRK1	P26718	True	NKG2D_HUMAN	NKG2D II receptor	CPI-CS0A9D23000	0.0	1.83	0.0	0.0	0.0	0.004	1.516	0.0	0.0	0.0	0.057	0.0	0.0	0.0
KLRK1	P26718	True	NKG2D_HUMAN	NKG2D II receptor	CPI-CS06C6E2321	0.0	1.83	0.0	0.0	0.0	0.004	1.516	0.0	0.0	0.0	0.057	0.0	0.0	0.0
KLRK1	P26718	True	NKG2D_HUMAN	NKG2D II receptor	CPI-CS09F211C3E	0.0	1.83	0.0	0.0	0.0	0.004	1.516	0.0	0.0	0.0	0.057	0.0	0.0	0.0
KLRK1	P26718	True	NKG2D_HUMAN	NKG2D II receptor	CPI-CS038376BA2	0.0	1.83	0.0	0.0	0.0	0.004	1.516	0.0	0.0	0.0	0.057	0.0	0.0	0.0
KLRK1	P26718	True	NKG2D_HUMAN	NKG2D II receptor	CPI-CS0007697A7	0.0	1.83	0.0	0.0	0.0	0.004	1.516	0.0	0.0	0.0	0.057	0.0	0.0	0.0
HCST	Q9UBK5	True	HCST_HUMAN	NKG2D II receptor	CPI-CS0A9D23000	0.0	0.874	0.169	0.222	0.455	0.392	0.525	0.136	0.159	0.122	0.36	0.384	0.101	0.0
HCST	Q9UBK5	True	HCST_HUMAN	NKG2D II receptor	CPI-CS06C6E2321	0.0	0.874	0.169	0.222	0.455	0.392	0.525	0.136	0.159	0.122	0.36	0.384	0.101	0.0
HCST	Q9UBK5	True	HCST_HUMAN	NKG2D II receptor	CPI-CS09F211C3E	0.0	0.874	0.169	0.222	0.455	0.392	0.525	0.136	0.159	0.122	0.36	0.384	0.101	0.0
HCST	Q9UBK5	True	HCST_HUMAN	NKG2D II receptor	CPI-CS038376BA2	0.0	0.874	0.169	0.222	0.455	0.392	0.525	0.136	0.159	0.122	0.36	0.384	0.101	0.0
HCST	Q9UBK5	True	HCST_HUMAN	NKG2D II receptor	CPI-CS0007697A7	0.0	0.874	0.169	0.222	0.455	0.392	0.525	0.136	0.159	0.122	0.36	0.384	0.101	0.0
BMPR1B	O00238	True	BMR1B_HUMAN	BMPR1B_BMPR2	CPI-CS0484364A2	0.0	0.048	0.173	0.228	0.055	0.161	0.037	0.149	0.0	0.083	0.061	0.047	0.324	0.155
BMPR1B	O00238	True	BMR1B_HUMAN	BMPR1B_BMPR2	CPI-CS027D7A724	0.0	0.048	0.173	0.228	0.055	0.161	0.037	0.149	0.0	0.083	0.061	0.047	0.324	0.155
BMPR1B	O00238	True	BMR1B_HUMAN	BMPR1B_BMPR2	CPI-CS0569B9B91	0.0	0.048	0.173	0.228	0.055	0.161	0.037	0.149	0.0	0.083	0.061	0.047	0.324	0.155
BMPR1B	O00238	True	BMR1B_HUMAN	BMR1B_AVR2A	CPI-CS01319F57A	0.0	0.048	0.173	0.228	0.055	0.161	0.037	0.149	0.0	0.083	0.061	0.047	0.324	0.155
BMPR1B	O00238	True	BMR1B_HUMAN	BMR1B_AVR2A	CPI-CS0BDA0D08C	0.0	0.048	0.173	0.228	0.055	0.161	0.037	0.149	0.0	0.083	0.061	0.047	0.324	0.155
BMPR1B	O00238	True	BMR1B_HUMAN	BMR1B_AVR2B	CPI-CS03DF8BD36	0.0	0.048	0.173	0.228	0.055	0.161	0.037	0.149	0.0	0.083	0.061	0.047	0.324	0.155
BMPR1B	O00238	True	BMR1B_HUMAN	BMR1B_AVR2B	CPI-CS055E15573	0.0	0.048	0.173	0.228	0.055	0.161	0.037	0.149	0.0	0.083	0.061	0.047	0.324	0.155
BMPR2	Q13873	True	BMPR2_HUMAN	BMPR1B_BMPR2	CPI-CS0484364A2	0.149	0.221	0.0	0.076	0.198	0.193	0.26	0.0	0.236	0.061	0.09	0.123	0.009	0.0
BMPR2	Q13873	True	BMPR2_HUMAN	BMPR1B_BMPR2	CPI-CS027D7A724	0.149	0.221	0.0	0.076	0.198	0.193	0.26	0.0	0.236	0.061	0.09	0.123	0.009	0.0
BMPR2	Q13873	True	BMPR2_HUMAN	BMPR1B_BMPR2	CPI-CS0569B9B91	0.149	0.221	0.0	0.076	0.198	0.193	0.26	0.0	0.236	0.061	0.09	0.123	0.009	0.0
BMPR2	Q13873	True	BMPR2_HUMAN	ACVR1_BMPR2	CPI-CS0AEE2FB22	0.149	0.221	0.0	0.076	0.198	0.193	0.26	0.0	0.236	0.061	0.09	0.123	0.009	0.0
IL1R1	P14778	True	IL1R1_HUMAN	IL1 receptor	CPI-CS05426BFFA	0.0	0.0	0.0	0.013	0.0	0.02	0.0	0.0	0.0	0.005	0.037	0.006	0.044	0.0
IL1R1	P14778	True	IL1R1_HUMAN	IL1 receptor	CPI-CS0DEBE7B69	0.0	0.0	0.0	0.013	0.0	0.02	0.0	0.0	0.0	0.005	0.037	0.006	0.044	0.0
IL1RAP	Q9NPH3	True	IL1AP_HUMAN	IL1 receptor	CPI-CS05426BFFA	0.0	0.0	0.685	0.583	0.047	0.078	0.0	0.0	0.999	0.437	0.0	0.103	0.007	0.0
IL1RAP	Q9NPH3	True	IL1AP_HUMAN	IL1 receptor	CPI-CS0DEBE7B69	0.0	0.0	0.685	0.583	0.047	0.078	0.0	0.0	0.999	0.437	0.0	0.103	0.007	0.0
IL10RA	Q13651	True	I10R1_HUMAN	IL10 receptor	CPI-CS04CBDE052	0.121	0.686	0.0	0.098	0.495	0.999	0.533	0.0	0.0	0.058	0.287	0.727	0.059	0.0
IL10RB	Q08334	True	I10R2_HUMAN	IL10 receptor	CPI-CS04CBDE052	0.0	0.089	0.0	0.141	0.545	0.469	0.104	0.305	0.0	0.051	0.178	0.249	0.104	0.0
ACVR1B	P36896	True	ACV1B_HUMAN	ACVR_1B2B receptor	CPI-CS0C159B54D	0.0	0.0	0.06	0.031	0.117	0.053	0.0	0.0	0.0	0.038	0.0	0.009	0.018	0.0
ACVR1B	P36896	True	ACV1B_HUMAN	ACVR_1B2B receptor	CPI-CS0384572FE	0.0	0.0	0.06	0.031	0.117	0.053	0.0	0.0	0.0	0.038	0.0	0.009	0.018	0.0
ACVR1B	P36896	True	ACV1B_HUMAN	ACVR_1B2A receptor	CPI-CS0533A30DC	0.0	0.0	0.06	0.031	0.117	0.053	0.0	0.0	0.0	0.038	0.0	0.009	0.018	0.0
ACVR1B	P36896	True	ACV1B_HUMAN	ACVR_1B2A receptor	CPI-CS04F78ACD6	0.0	0.0	0.06	0.031	0.117	0.053	0.0	0.0	0.0	0.038	0.0	0.009	0.018	0.0
ACVR1B	P36896	True	ACV1B_HUMAN	ACVR_1B2A receptor	CPI-CS0C8F1E01F	0.0	0.0	0.06	0.031	0.117	0.053	0.0	0.0	0.0	0.038	0.0	0.009	0.018	0.0
ACVR2B	Q13705	True	AVR2B_HUMAN	ACVR_1B2B receptor	CPI-CS0C159B54D	0.0	0.349	0.0	0.076	0.013	0.024	0.063	0.0	0.0	0.017	0.015	0.0	0.022	0.0
ACVR2B	Q13705	True	AVR2B_HUMAN	ACVR_1B2B receptor	CPI-CS0384572FE	0.0	0.349	0.0	0.076	0.013	0.024	0.063	0.0	0.0	0.017	0.015	0.0	0.022	0.0
ACVR2B	Q13705	True	AVR2B_HUMAN	ACVR_1A2B receptor	CPI-CS0860DA460	0.0	0.349	0.0	0.076	0.013	0.024	0.063	0.0	0.0	0.017	0.015	0.0	0.022	0.0
ACVR2B	Q13705	True	AVR2B_HUMAN	ACVR_1A2B receptor	CPI-CS04DD927C9	0.0	0.349	0.0	0.076	0.013	0.024	0.063	0.0	0.0	0.017	0.015	0.0	0.022	0.0
ACVR2B	Q13705	True	AVR2B_HUMAN	BMR1B_AVR2B	CPI-CS03DF8BD36	0.0	0.349	0.0	0.076	0.013	0.024	0.063	0.0	0.0	0.017	0.015	0.0	0.022	0.0
ACVR2B	Q13705	True	AVR2B_HUMAN	BMR1B_AVR2B	CPI-CS055E15573	0.0	0.349	0.0	0.076	0.013	0.024	0.063	0.0	0.0	0.017	0.015	0.0	0.022	0.0
ACVR2A	P27037	True	AVR2A_HUMAN	ACVR_1B2A receptor	CPI-CS0533A30DC	0.356	0.0	0.0	0.029	0.031	0.04	0.029	0.0	0.0	0.032	0.049	0.062	0.0	0.155
ACVR2A	P27037	True	AVR2A_HUMAN	ACVR_1B2A receptor	CPI-CS04F78ACD6	0.356	0.0	0.0	0.029	0.031	0.04	0.029	0.0	0.0	0.032	0.049	0.062	0.0	0.155
ACVR2A	P27037	True	AVR2A_HUMAN	ACVR_1B2A receptor	CPI-CS0C8F1E01F	0.356	0.0	0.0	0.029	0.031	0.04	0.029	0.0	0.0	0.032	0.049	0.062	0.0	0.155
ACVR2A	P27037	True	AVR2A_HUMAN	BMR1B_AVR2A	CPI-CS01319F57A	0.356	0.0	0.0	0.029	0.031	0.04	0.029	0.0	0.0	0.032	0.049	0.062	0.0	0.155
ACVR2A	P27037	True	AVR2A_HUMAN	BMR1B_AVR2A	CPI-CS0BDA0D08C	0.356	0.0	0.0	0.029	0.031	0.04	0.029	0.0	0.0	0.032	0.049	0.062	0.0	0.155
CD8A	P01732	True	CD8A_HUMAN	CD8 receptor	CPI-CS0A66DB1CA	0.0	1.555	0.0	0.0	0.017	0.022	0.686	0.0	0.0	0.003	0.117	0.0	0.0	0.0
CD8B	P10966	True	CD8B_HUMAN	CD8 receptor	CPI-CS0A66DB1CA	0.0	0.229	0.0	0.0	0.0	0.004	0.179	0.0	0.0	0.006	0.123	0.0	0.0	0.0
ACVR1	Q04771	True	ACVR1_HUMAN	ACVR_1A2B receptor	CPI-CS0860DA460	0.0	0.0	0.0	0.07	0.021	0.049	0.0	0.0	0.0	0.011	0.0	0.0	0.025	0.0
ACVR1	Q04771	True	ACVR1_HUMAN	ACVR_1A2B receptor	CPI-CS04DD927C9	0.0	0.0	0.0	0.07	0.021	0.049	0.0	0.0	0.0	0.011	0.0	0.0	0.025	0.0
ACVR1	Q04771	True	ACVR1_HUMAN	ACVR1_BMPR2	CPI-CS0AEE2FB22	0.0	0.0	0.0	0.07	0.021	0.049	0.0	0.0	0.0	0.011	0.0	0.0	0.025	0.0
IL2RB	P14784	True	IL2RB_HUMAN	IL15 receptor	CPI-CS06E556972	0.0	0.162	0.0	0.014	0.0	0.011	0.621	0.0	0.0	0.0	0.109	0.0	0.0	0.0
IL2RG	P31785	True	IL2RG_HUMAN	IL15 receptor	CPI-CS06E556972	0.0	0.829	0.307	0.246	0.232	0.041	0.988	0.217	0.0	0.28	0.626	0.255	0.103	0.0
COL1A1	P02452	False	CO1A1_HUMAN		CPI-SC07ECBFCA7	0.0	0.0	0.0	0.0	0.0	0.0	0.0	0.0	0.0	0.004	0.0	0.0	0.0	0.0
FN1	P02751	False	FINC_HUMAN		CPI-SC0D19BAF15	0.0	0.0	0.0	0.012	0.268	0.972	0.03	0.0	0.0	0.017	0.0	0.921	0.0	0.0
COL6A2	P12110	False	CO6A2_HUMAN		CPI-SC0CE851065	0.0	0.0	0.0	0.009	0.0	0.0	0.0	0.0	0.0	0.005	0.023	0.0	0.0	0.0
COL6A3	P12111	False	CO6A3_HUMAN		CPI-SC07375C073	0.0	0.0	0.0	0.0	0.0	0.0	0.0	0.0	0.0	0.0	0.012	0.0	0.0	0.0
COL18A1	P39060	False	COIA1_HUMAN		CPI-SC0017F527E	0.0	0.0	0.0	0.009	0.0	0.021	0.0	0.0	0.0	0.012	0.044	0.007	0.027	0.0
COL4A4	P53420	False	CO4A4_HUMAN		CPI-SC00C0800EB	0.243	0.0	0.0	0.0	0.086	0.0	0.0	0.0	0.0	0.0	0.0	0.0	0.0	0.0
COL9A2	Q14055	False	CO9A2_HUMAN		CPI-SC067EE23E1	0.0	0.0	0.108	0.018	0.186	0.049	0.018	0.0	0.0	0.03	0.0	0.009	0.027	0.0
COL24A1	Q17RW2	False	COOA1_HUMAN		CPI-SC090311934	0.0	0.0	0.55	0.709	0.0	0.009	0.057	0.0	0.195	0.312	0.026	0.11	0.159	0.0
FN1	P02751	False	FINC_HUMAN		CPI-SC08B6B74FB	0.0	0.0	0.0	0.012	0.268	0.972	0.03	0.0	0.0	0.017	0.0	0.921	0.0	0.0
PLG	P00747	False	PLMN_HUMAN		CPI-SC04FDBA606	0.0	0.0	0.0	0.0	0.0	0.0	0.0	0.0	0.0	0.0	0.013	0.0	0.0	0.0
THBS1	P07996	False	TSP1_HUMAN		CPI-SC0200AC9E3	0.23	0.322	0.0	0.044	0.56	0.184	0.101	0.0	0.0	0.027	0.021	0.085	0.712	4.22
CD40LG	P29965	False	CD40L_HUMAN		CPI-SC0974B60B7	0.0	0.0	0.0	0.0	0.0	0.0	0.036	0.0	0.0	0.005	0.112	0.0	0.0	0.0
FN1	P02751	False	FINC_HUMAN		CPI-SC06364D669	0.0	0.0	0.0	0.012	0.268	0.972	0.03	0.0	0.0	0.017	0.0	0.921	0.0	0.0
SPP1	P10451	False	OSTP_HUMAN		CPI-SC07BE7830D	0.0	0.0	0.218	0.032	0.0	0.0	0.0	0.0	0.0	0.01	0.0	0.0	0.058	0.0
TNC	P24821	False	TENA_HUMAN		CPI-SC0BC542ACC	0.0	0.0	0.0	0.0	0.0	0.016	0.0	0.0	0.0	0.0	0.0	0.0	0.0	0.0
PLAUR	Q03405	False	UPAR_HUMAN		CPI-SC0E9C058EB	0.0	0.103	0.0	0.023	0.271	0.221	0.0	0.0	0.0	0.034	0.02	0.212	0.0	0.097
FN1	P02751	False	FINC_HUMAN		CPI-SC0B4D7E0FF	0.0	0.0	0.0	0.012	0.268	0.972	0.03	0.0	0.0	0.017	0.0	0.921	0.0	0.0
FN1	P02751	False	FINC_HUMAN		CPI-SC08B2AD7C6	0.0	0.0	0.0	0.012	0.268	0.972	0.03	0.0	0.0	0.017	0.0	0.921	0.0	0.0
CD40LG	P29965	False	CD40L_HUMAN		CPI-SC0C8B4C056	0.0	0.0	0.0	0.0	0.0	0.0	0.036	0.0	0.0	0.005	0.112	0.0	0.0	0.0
FN1	P02751	False	FINC_HUMAN		CPI-SC092C3E4DF	0.0	0.0	0.0	0.012	0.268	0.972	0.03	0.0	0.0	0.017	0.0	0.921	0.0	0.0
TNC	P24821	False	TENA_HUMAN		CPI-SC01195CB48	0.0	0.0	0.0	0.0	0.0	0.016	0.0	0.0	0.0	0.0	0.0	0.0	0.0	0.0
FN1	P02751	False	FINC_HUMAN		CPI-SC096929DB0	0.0	0.0	0.0	0.012	0.268	0.972	0.03	0.0	0.0	0.017	0.0	0.921	0.0	0.0
LAMC1	P11047	False	LAMC1_HUMAN		CPI-SC0EEF3A379	0.0	0.0	0.0	0.13	0.0	0.0	0.0	0.0	0.421	0.037	0.0	0.006	0.147	0.0
LAMC1	P11047	False	LAMC1_HUMAN		CPI-SC0A2FE9693	0.0	0.0	0.0	0.13	0.0	0.0	0.0	0.0	0.421	0.037	0.0	0.006	0.147	0.0
CDH1	P12830	False	CADH1_HUMAN		CPI-SC007890A1C	0.0	0.0	0.0	0.0	0.0	0.0	0.0	0.0	0.0	0.0	0.0	0.0	0.042	1.515
SPP1	P10451	False	OSTP_HUMAN		CPI-SC01AB9BED7	0.0	0.0	0.218	0.032	0.0	0.0	0.0	0.0	0.0	0.01	0.0	0.0	0.058	0.0
TNC	P24821	False	TENA_HUMAN		CPI-SC056BF6CBB	0.0	0.0	0.0	0.0	0.0	0.016	0.0	0.0	0.0	0.0	0.0	0.0	0.0	0.0
FCER2	P06734	False	FCER2_HUMAN		CPI-SC07312BD5C	0.0	0.0	0.0	0.0	0.01	0.062	0.0	0.0	0.0	0.0	0.0	0.041	0.0	0.0
ICAM1	P05362	False	ICAM1_HUMAN		CPI-SC0B6D68FD5	0.0	0.0	0.0	0.043	0.096	0.118	0.049	0.0	0.0	0.013	0.02	0.059	0.0	0.0
GP1BA	P07359	False	GP1BA_HUMAN		CPI-SC0B292AEE6	0.0	0.0	0.0	0.007	0.0	0.0	0.0	0.0	0.0	0.003	0.0	0.0	0.076	0.309
FCER2	P06734	False	FCER2_HUMAN		CPI-SC03446A95E	0.0	0.0	0.0	0.0	0.01	0.062	0.0	0.0	0.0	0.0	0.0	0.041	0.0	0.0
ICAM1	P05362	False	ICAM1_HUMAN		CPI-SC0A9458008	0.0	0.0	0.0	0.043	0.096	0.118	0.049	0.0	0.0	0.013	0.02	0.059	0.0	0.0
ICAM1	P05362	False	ICAM1_HUMAN		CPI-SC0F4AC5AA2	0.0	0.0	0.0	0.043	0.096	0.118	0.049	0.0	0.0	0.013	0.02	0.059	0.0	0.0
ICAM2	P13598	False	ICAM2_HUMAN		CPI-SC063BC3DDE	0.0	0.0	0.0	0.053	0.064	0.067	0.081	0.275	0.0	0.029	0.057	0.017	0.153	0.0
ICAM3	P32942	False	ICAM3_HUMAN		CPI-SC0329D5397	0.0	0.0	0.212	0.343	0.358	0.352	0.342	0.618	0.108	0.273	0.334	0.068	0.077	0.359
F11R	Q9Y624	False	JAM1_HUMAN		CPI-SC08923F7F7	0.511	0.0	0.079	0.433	0.378	0.303	0.137	0.0	0.054	0.266	0.026	0.286	0.2	0.155
IFNK	Q9P0W0	False	IFNK_HUMAN		CPI-SC0D089F0A9	0.0	0.0	0.0	0.016	0.0	0.0	0.0	0.0	0.0	0.0	0.0	0.0	0.0	0.0
GDF11	O95390	False	GDF11_HUMAN		CPI-SC017215F7F	0.0	0.0	0.0	0.156	0.0	0.024	0.222	0.0	0.054	0.064	0.077	0.0	0.148	0.155
TGFB1	P01137	False	TGFB1_HUMAN		CPI-SC098C06330	0.089	0.262	0.0	0.27	0.135	0.152	0.356	0.068	0.054	0.13	0.088	0.084	0.15	0.155
TGFB3	P10600	False	TGFB3_HUMAN		CPI-SC0D5CFA431	0.0	0.107	0.207	0.006	0.0	0.0	0.045	0.0	0.0	0.0	0.0	0.0	0.0	0.0
TGFB1	P01137	False	TGFB1_HUMAN		CPI-SC0984894BC	0.089	0.262	0.0	0.27	0.135	0.152	0.356	0.068	0.054	0.13	0.088	0.084	0.15	0.155
TGFB3	P10600	False	TGFB3_HUMAN		CPI-SC0077CEB82	0.0	0.107	0.207	0.006	0.0	0.0	0.045	0.0	0.0	0.0	0.0	0.0	0.0	0.0
IFNG	P01579	False	IFNG_HUMAN		CPI-SC09E5431A2	0.0	0.0	0.0	0.0	0.01	0.004	0.06	0.0	0.0	0.0	0.0	0.0	0.0	0.0
CD47	Q08722	False	CD47_HUMAN		CPI-SC0EB8DC52F	29.438	3.911	1.901	4.905	2.526	2.578	2.607	2.113	3.894	1.971	2.054	2.615	15.458	67.277
TSLP	Q969D9	False	TSLP_HUMAN		CPI-SC090068F7B	0.0	0.0	0.0	0.048	0.0	0.0	0.0	0.0	0.0	0.009	0.0	0.006	0.0	0.0
CRLF2	Q9HC73	False	CRLF2_HUMAN		CPI-SC047CEF2DD	0.0	0.0	0.0	0.005	0.0	0.007	0.0	0.0	0.0	0.001	0.024	0.0	0.0	0.0
ITGB1	P05556	True	ITB1_HUMAN	a9b1 complex	CPI-SC01AB9BED7	1.55	1.269	0.131	0.489	0.973	1.246	1.089	4.556	0.213	0.416	1.668	0.814	1.025	1.012
ITGB1	P05556	True	ITB1_HUMAN	a9b1 complex	CPI-SC056BF6CBB	1.55	1.269	0.131	0.489	0.973	1.246	1.089	4.556	0.213	0.416	1.668	0.814	1.025	1.012
ITGB1	P05556	True	ITB1_HUMAN	a10b1 complex	CPI-SC07ECBFCA7	1.55	1.269	0.131	0.489	0.973	1.246	1.089	4.556	0.213	0.416	1.668	0.814	1.025	1.012
ITGB1	P05556	True	ITB1_HUMAN	a10b1 complex	CPI-SC0D19BAF15	1.55	1.269	0.131	0.489	0.973	1.246	1.089	4.556	0.213	0.416	1.668	0.814	1.025	1.012
ITGB1	P05556	True	ITB1_HUMAN	a10b1 complex	CPI-SC0CE851065	1.55	1.269	0.131	0.489	0.973	1.246	1.089	4.556	0.213	0.416	1.668	0.814	1.025	1.012
ITGB1	P05556	True	ITB1_HUMAN	a10b1 complex	CPI-SC07375C073	1.55	1.269	0.131	0.489	0.973	1.246	1.089	4.556	0.213	0.416	1.668	0.814	1.025	1.012
ITGB1	P05556	True	ITB1_HUMAN	a10b1 complex	CPI-SC0017F527E	1.55	1.269	0.131	0.489	0.973	1.246	1.089	4.556	0.213	0.416	1.668	0.814	1.025	1.012
ITGB1	P05556	True	ITB1_HUMAN	a10b1 complex	CPI-SC00C0800EB	1.55	1.269	0.131	0.489	0.973	1.246	1.089	4.556	0.213	0.416	1.668	0.814	1.025	1.012
ITGB1	P05556	True	ITB1_HUMAN	a10b1 complex	CPI-SC067EE23E1	1.55	1.269	0.131	0.489	0.973	1.246	1.089	4.556	0.213	0.416	1.668	0.814	1.025	1.012
ITGB1	P05556	True	ITB1_HUMAN	a10b1 complex	CPI-SC090311934	1.55	1.269	0.131	0.489	0.973	1.246	1.089	4.556	0.213	0.416	1.668	0.814	1.025	1.012
ITGB1	P05556	True	ITB1_HUMAN	aVb1 complex	CPI-SC096929DB0	1.55	1.269	0.131	0.489	0.973	1.246	1.089	4.556	0.213	0.416	1.668	0.814	1.025	1.012
ITGB1	P05556	True	ITB1_HUMAN	a8b1 complex	CPI-SC092C3E4DF	1.55	1.269	0.131	0.489	0.973	1.246	1.089	4.556	0.213	0.416	1.668	0.814	1.025	1.012
ITGB1	P05556	True	ITB1_HUMAN	a8b1 complex	CPI-SC01195CB48	1.55	1.269	0.131	0.489	0.973	1.246	1.089	4.556	0.213	0.416	1.668	0.814	1.025	1.012
ITGB1	P05556	True	ITB1_HUMAN	a4b1 complex	CPI-SC06364D669	1.55	1.269	0.131	0.489	0.973	1.246	1.089	4.556	0.213	0.416	1.668	0.814	1.025	1.012
ITGB1	P05556	True	ITB1_HUMAN	a4b1 complex	CPI-SC07BE7830D	1.55	1.269	0.131	0.489	0.973	1.246	1.089	4.556	0.213	0.416	1.668	0.814	1.025	1.012
ITGB1	P05556	True	ITB1_HUMAN	a4b1 complex	CPI-SC0BC542ACC	1.55	1.269	0.131	0.489	0.973	1.246	1.089	4.556	0.213	0.416	1.668	0.814	1.025	1.012
ITGB1	P05556	True	ITB1_HUMAN	a4b1 complex	CPI-SC0E9C058EB	1.55	1.269	0.131	0.489	0.973	1.246	1.089	4.556	0.213	0.416	1.668	0.814	1.025	1.012
ITGB1	P05556	True	ITB1_HUMAN	a5b1 complex	CPI-SC08B2AD7C6	1.55	1.269	0.131	0.489	0.973	1.246	1.089	4.556	0.213	0.416	1.668	0.814	1.025	1.012
ITGB1	P05556	True	ITB1_HUMAN	a5b1 complex	CPI-SC0C8B4C056	1.55	1.269	0.131	0.489	0.973	1.246	1.089	4.556	0.213	0.416	1.668	0.814	1.025	1.012
ITGB1	P05556	True	ITB1_HUMAN	a7b1 complex	CPI-SC0A2FE9693	1.55	1.269	0.131	0.489	0.973	1.246	1.089	4.556	0.213	0.416	1.668	0.814	1.025	1.012
ITGB1	P05556	True	ITB1_HUMAN	a6b1 complex	CPI-SC0EEF3A379	1.55	1.269	0.131	0.489	0.973	1.246	1.089	4.556	0.213	0.416	1.668	0.814	1.025	1.012
ITGA9	Q13797	True	ITA9_HUMAN	a9b1 complex	CPI-SC01AB9BED7	0.0	0.0	0.0	0.036	0.0	0.0	0.0	0.0	0.0	0.013	0.0	0.0	0.064	0.0
ITGA9	Q13797	True	ITA9_HUMAN	a9b1 complex	CPI-SC056BF6CBB	0.0	0.0	0.0	0.036	0.0	0.0	0.0	0.0	0.0	0.013	0.0	0.0	0.064	0.0
ITGA10	O75578	True	ITA10_HUMAN	a10b1 complex	CPI-SC07ECBFCA7	0.0	0.0	0.0	0.0	0.0	0.033	0.0	0.0	0.0	0.0	0.0	0.0	0.0	0.0
ITGA10	O75578	True	ITA10_HUMAN	a10b1 complex	CPI-SC0D19BAF15	0.0	0.0	0.0	0.0	0.0	0.033	0.0	0.0	0.0	0.0	0.0	0.0	0.0	0.0
ITGA10	O75578	True	ITA10_HUMAN	a10b1 complex	CPI-SC0CE851065	0.0	0.0	0.0	0.0	0.0	0.033	0.0	0.0	0.0	0.0	0.0	0.0	0.0	0.0
ITGA10	O75578	True	ITA10_HUMAN	a10b1 complex	CPI-SC07375C073	0.0	0.0	0.0	0.0	0.0	0.033	0.0	0.0	0.0	0.0	0.0	0.0	0.0	0.0
ITGA10	O75578	True	ITA10_HUMAN	a10b1 complex	CPI-SC0017F527E	0.0	0.0	0.0	0.0	0.0	0.033	0.0	0.0	0.0	0.0	0.0	0.0	0.0	0.0
ITGA10	O75578	True	ITA10_HUMAN	a10b1 complex	CPI-SC00C0800EB	0.0	0.0	0.0	0.0	0.0	0.033	0.0	0.0	0.0	0.0	0.0	0.0	0.0	0.0
ITGA10	O75578	True	ITA10_HUMAN	a10b1 complex	CPI-SC067EE23E1	0.0	0.0	0.0	0.0	0.0	0.033	0.0	0.0	0.0	0.0	0.0	0.0	0.0	0.0
ITGA10	O75578	True	ITA10_HUMAN	a10b1 complex	CPI-SC090311934	0.0	0.0	0.0	0.0	0.0	0.033	0.0	0.0	0.0	0.0	0.0	0.0	0.0	0.0
ITGAX	P20702	True	ITAX_HUMAN	aXb2 complex	CPI-SC03446A95E	0.133	0.0	0.076	0.149	0.563	1.521	0.321	0.068	0.236	0.129	0.01	1.053	0.062	0.195
ITGAX	P20702	True	ITAX_HUMAN	aXb2 complex	CPI-SC0A9458008	0.133	0.0	0.076	0.149	0.563	1.521	0.321	0.068	0.236	0.129	0.01	1.053	0.062	0.195
ITGB2	P05107	True	ITB2_HUMAN	aXb2 complex	CPI-SC03446A95E	0.6	1.111	0.277	0.226	2.204	1.999	1.557	0.217	0.0	0.175	0.452	1.43	0.066	0.097
ITGB2	P05107	True	ITB2_HUMAN	aXb2 complex	CPI-SC0A9458008	0.6	1.111	0.277	0.226	2.204	1.999	1.557	0.217	0.0	0.175	0.452	1.43	0.066	0.097
ITGB2	P05107	True	ITB2_HUMAN	aLb2 complex	CPI-SC0F4AC5AA2	0.6	1.111	0.277	0.226	2.204	1.999	1.557	0.217	0.0	0.175	0.452	1.43	0.066	0.097
ITGB2	P05107	True	ITB2_HUMAN	aLb2 complex	CPI-SC063BC3DDE	0.6	1.111	0.277	0.226	2.204	1.999	1.557	0.217	0.0	0.175	0.452	1.43	0.066	0.097
ITGB2	P05107	True	ITB2_HUMAN	aLb2 complex	CPI-SC0329D5397	0.6	1.111	0.277	0.226	2.204	1.999	1.557	0.217	0.0	0.175	0.452	1.43	0.066	0.097
ITGB2	P05107	True	ITB2_HUMAN	aLb2 complex	CPI-SC08923F7F7	0.6	1.111	0.277	0.226	2.204	1.999	1.557	0.217	0.0	0.175	0.452	1.43	0.066	0.097
ITGB2	P05107	True	ITB2_HUMAN	aMb2 complex	CPI-SC07312BD5C	0.6	1.111	0.277	0.226	2.204	1.999	1.557	0.217	0.0	0.175	0.452	1.43	0.066	0.097
ITGB2	P05107	True	ITB2_HUMAN	aMb2 complex	CPI-SC0B6D68FD5	0.6	1.111	0.277	0.226	2.204	1.999	1.557	0.217	0.0	0.175	0.452	1.43	0.066	0.097
ITGB2	P05107	True	ITB2_HUMAN	aMb2 complex	CPI-SC0B292AEE6	0.6	1.111	0.277	0.226	2.204	1.999	1.557	0.217	0.0	0.175	0.452	1.43	0.066	0.097
ITGAL	P20701	True	ITAL_HUMAN	aLb2 complex	CPI-SC0F4AC5AA2	0.149	0.667	0.06	0.113	0.475	0.714	1.038	0.168	0.0	0.056	0.502	0.494	0.093	0.0
ITGAL	P20701	True	ITAL_HUMAN	aLb2 complex	CPI-SC063BC3DDE	0.149	0.667	0.06	0.113	0.475	0.714	1.038	0.168	0.0	0.056	0.502	0.494	0.093	0.0
ITGAL	P20701	True	ITAL_HUMAN	aLb2 complex	CPI-SC0329D5397	0.149	0.667	0.06	0.113	0.475	0.714	1.038	0.168	0.0	0.056	0.502	0.494	0.093	0.0
ITGAL	P20701	True	ITAL_HUMAN	aLb2 complex	CPI-SC08923F7F7	0.149	0.667	0.06	0.113	0.475	0.714	1.038	0.168	0.0	0.056	0.502	0.494	0.093	0.0
IL7R	P16871	True	IL7RA_HUMAN	TSLPR	CPI-SC090068F7B	0.178	2.904	0.0	0.0	0.16	0.035	1.842	0.068	0.0	0.026	6.203	0.007	0.057	0.0
IL7R	P16871	True	IL7RA_HUMAN	TSLPR	CPI-SC047CEF2DD	0.178	2.904	0.0	0.0	0.16	0.035	1.842	0.068	0.0	0.026	6.203	0.007	0.057	0.0
CRLF2	Q9HC73	True	CRLF2_HUMAN	TSLPR	CPI-SC090068F7B	0.0	0.0	0.0	0.005	0.0	0.007	0.0	0.0	0.0	0.001	0.024	0.0	0.0	0.0
CRLF2	Q9HC73	True	CRLF2_HUMAN	TSLPR	CPI-SC047CEF2DD	0.0	0.0	0.0	0.005	0.0	0.007	0.0	0.0	0.0	0.001	0.024	0.0	0.0	0.0
ITGAV	P06756	True	ITAV_HUMAN	aVb1 complex	CPI-SC096929DB0	0.0	0.0	0.0	0.036	0.079	0.038	0.064	0.0	0.0	0.03	0.011	0.04	0.039	0.0
IFNAR1	P17181	True	INAR1_HUMAN	Type I IFNR	CPI-SC0D089F0A9	0.184	0.214	0.138	0.198	0.272	0.435	0.388	1.854	0.389	0.152	0.402	0.593	0.3	0.0
IFNAR2	P48551	True	INAR2_HUMAN	Type I IFNR	CPI-SC0D089F0A9	0.61	0.245	0.128	0.146	0.133	0.241	0.141	0.715	0.195	0.129	0.169	0.353	0.0	0.0
SIRPB1	O00241	True	SIRB1_HUMAN	SIRB1 complex	CPI-SC0EB8DC52F	0.0	0.0	0.0	0.0	0.202	0.207	0.0	0.0	0.0	0.0	0.0	0.098	0.0	0.0
TYROBP	O43914	True	TYOBP_HUMAN	SIRB1 complex	CPI-SC0EB8DC52F	0.0	0.347	0.108	0.624	3.998	5.742	0.61	0.068	0.108	0.43	0.027	4.688	0.478	0.436
ITGA8	P53708	True	ITA8_HUMAN	a8b1 complex	CPI-SC092C3E4DF	0.0	0.0	0.169	0.02	0.015	0.006	0.0	0.0	0.0	0.003	0.0	0.064	0.008	0.0
ITGA8	P53708	True	ITA8_HUMAN	a8b1 complex	CPI-SC01195CB48	0.0	0.0	0.169	0.02	0.015	0.006	0.0	0.0	0.0	0.003	0.0	0.064	0.008	0.0
ITGB7	P26010	True	ITB7_HUMAN	aEb7 complex	CPI-SC007890A1C	0.502	0.18	0.0	0.0	0.074	0.135	0.443	0.543	0.0	0.013	0.202	0.047	0.0	0.097
ITGB7	P26010	True	ITB7_HUMAN	a4b7 complex	CPI-SC0B4D7E0FF	0.502	0.18	0.0	0.0	0.074	0.135	0.443	0.543	0.0	0.013	0.202	0.047	0.0	0.097
ITGAE	P38570	True	ITAE_HUMAN	aEb7 complex	CPI-SC007890A1C	0.089	0.0	0.0	0.098	0.153	0.145	0.085	0.168	0.0	0.143	0.063	0.095	0.187	0.0
ITGA4	P13612	True	ITA4_HUMAN	a4b1 complex	CPI-SC06364D669	1.816	1.525	1.859	1.752	0.225	0.593	1.136	1.888	0.421	1.234	0.674	0.921	0.651	1.392
ITGA4	P13612	True	ITA4_HUMAN	a4b1 complex	CPI-SC07BE7830D	1.816	1.525	1.859	1.752	0.225	0.593	1.136	1.888	0.421	1.234	0.674	0.921	0.651	1.392
ITGA4	P13612	True	ITA4_HUMAN	a4b1 complex	CPI-SC0BC542ACC	1.816	1.525	1.859	1.752	0.225	0.593	1.136	1.888	0.421	1.234	0.674	0.921	0.651	1.392
ITGA4	P13612	True	ITA4_HUMAN	a4b1 complex	CPI-SC0E9C058EB	1.816	1.525	1.859	1.752	0.225	0.593	1.136	1.888	0.421	1.234	0.674	0.921	0.651	1.392
ITGA4	P13612	True	ITA4_HUMAN	a4b7 complex	CPI-SC0B4D7E0FF	1.816	1.525	1.859	1.752	0.225	0.593	1.136	1.888	0.421	1.234	0.674	0.921	0.651	1.392
ITGA2B	P08514	True	ITA2B_HUMAN	a2Bb3 complex	CPI-SC08B6B74FB	0.0	0.077	0.0	0.054	0.0	0.022	0.0	0.0	0.0	0.012	0.0	0.0	0.432	1.121
ITGA2B	P08514	True	ITA2B_HUMAN	a2Bb3 complex	CPI-SC04FDBA606	0.0	0.077	0.0	0.054	0.0	0.022	0.0	0.0	0.0	0.012	0.0	0.0	0.432	1.121
ITGA2B	P08514	True	ITA2B_HUMAN	a2Bb3 complex	CPI-SC0200AC9E3	0.0	0.077	0.0	0.054	0.0	0.022	0.0	0.0	0.0	0.012	0.0	0.0	0.432	1.121
ITGA2B	P08514	True	ITA2B_HUMAN	a2Bb3 complex	CPI-SC0974B60B7	0.0	0.077	0.0	0.054	0.0	0.022	0.0	0.0	0.0	0.012	0.0	0.0	0.432	1.121
ITGB3	P05106	True	ITB3_HUMAN	a2Bb3 complex	CPI-SC08B6B74FB	0.0	1.311	0.0	0.0	0.046	0.051	0.092	0.0	0.0	0.007	0.012	0.007	0.895	0.464
ITGB3	P05106	True	ITB3_HUMAN	a2Bb3 complex	CPI-SC04FDBA606	0.0	1.311	0.0	0.0	0.046	0.051	0.092	0.0	0.0	0.007	0.012	0.007	0.895	0.464
ITGB3	P05106	True	ITB3_HUMAN	a2Bb3 complex	CPI-SC0200AC9E3	0.0	1.311	0.0	0.0	0.046	0.051	0.092	0.0	0.0	0.007	0.012	0.007	0.895	0.464
ITGB3	P05106	True	ITB3_HUMAN	a2Bb3 complex	CPI-SC0974B60B7	0.0	1.311	0.0	0.0	0.046	0.051	0.092	0.0	0.0	0.007	0.012	0.007	0.895	0.464
ITGA5	P08648	True	ITA5_HUMAN	a5b1 complex	CPI-SC08B2AD7C6	0.0	0.129	0.128	0.176	0.236	0.189	0.147	0.0	0.0	0.118	0.082	0.013	0.183	0.0
ITGA5	P08648	True	ITA5_HUMAN	a5b1 complex	CPI-SC0C8B4C056	0.0	0.129	0.128	0.176	0.236	0.189	0.147	0.0	0.0	0.118	0.082	0.013	0.183	0.0
ITGAM	P11215	True	ITAM_HUMAN	aMb2 complex	CPI-SC07312BD5C	0.256	0.0	0.0	0.055	0.43	0.457	0.142	0.0	0.0	0.027	0.027	0.24	0.0	0.0
ITGAM	P11215	True	ITAM_HUMAN	aMb2 complex	CPI-SC0B6D68FD5	0.256	0.0	0.0	0.055	0.43	0.457	0.142	0.0	0.0	0.027	0.027	0.24	0.0	0.0
ITGAM	P11215	True	ITAM_HUMAN	aMb2 complex	CPI-SC0B292AEE6	0.256	0.0	0.0	0.055	0.43	0.457	0.142	0.0	0.0	0.027	0.027	0.24	0.0	0.0
TGFBR1	P36897	True	TGFR1_HUMAN	TGFbeta receptor1	CPI-SC098C06330	0.378	0.58	0.0	0.101	0.187	0.053	0.189	0.275	0.0	0.035	0.045	0.026	0.41	0.975
TGFBR1	P36897	True	TGFR1_HUMAN	TGFbeta receptor1	CPI-SC0D5CFA431	0.378	0.58	0.0	0.101	0.187	0.053	0.189	0.275	0.0	0.035	0.045	0.026	0.41	0.975
TGFBR1	P36897	True	TGFR1_HUMAN	TGFR_AVR2B	CPI-SC017215F7F	0.378	0.58	0.0	0.101	0.187	0.053	0.189	0.275	0.0	0.035	0.045	0.026	0.41	0.975
TGFBR2	P37173	True	TGFR2_HUMAN	TGFbeta receptor1	CPI-SC098C06330	0.092	0.324	0.0	0.05	0.275	0.222	0.171	0.0	0.159	0.081	0.113	0.12	0.086	0.0
TGFBR2	P37173	True	TGFR2_HUMAN	TGFbeta receptor1	CPI-SC0D5CFA431	0.092	0.324	0.0	0.05	0.275	0.222	0.171	0.0	0.159	0.081	0.113	0.12	0.086	0.0
TGFBR2	P37173	True	TGFR2_HUMAN	TGFbeta receptor2	CPI-SC0984894BC	0.092	0.324	0.0	0.05	0.275	0.222	0.171	0.0	0.159	0.081	0.113	0.12	0.086	0.0
TGFBR2	P37173	True	TGFR2_HUMAN	TGFbeta receptor2	CPI-SC0077CEB82	0.092	0.324	0.0	0.05	0.275	0.222	0.171	0.0	0.159	0.081	0.113	0.12	0.086	0.0
IFNGR1	P15260	True	INGR1_HUMAN	Type II IFNR	CPI-SC09E5431A2	0.0	0.373	0.616	0.124	1.42	1.766	0.077	0.149	0.054	0.152	0.019	1.12	0.139	0.0
IFNGR2	P38484	True	INGR2_HUMAN	Type II IFNR	CPI-SC09E5431A2	0.0	0.0	0.0	0.08	0.416	0.457	0.0	0.0	0.0	0.063	0.014	0.215	0.03	0.0
ACVR1	Q04771	True	ACVR1_HUMAN	TGFbeta receptor2	CPI-SC0984894BC	0.0	0.0	0.0	0.07	0.021	0.049	0.0	0.0	0.0	0.011	0.0	0.0	0.025	0.0
ACVR1	Q04771	True	ACVR1_HUMAN	TGFbeta receptor2	CPI-SC0077CEB82	0.0	0.0	0.0	0.07	0.021	0.049	0.0	0.0	0.0	0.011	0.0	0.0	0.025	0.0
ITGA7	Q13683	True	ITA7_HUMAN	a7b1 complex	CPI-SC0A2FE9693	0.0	0.0	0.0	0.0	0.0	0.007	0.0	0.0	0.0	0.002	0.0	0.06	0.0	0.0
ITGA6	P23229	True	ITA6_HUMAN	a6b1 complex	CPI-SC0EEF3A379	0.0	1.206	0.832	0.405	0.0	0.011	0.244	0.0	0.667	0.22	0.252	0.048	0.505	1.265
ACVR2B	Q13705	True	AVR2B_HUMAN	TGFR_AVR2B	CPI-SC017215F7F	0.0	0.349	0.0	0.076	0.013	0.024	0.063	0.0	0.0	0.017	0.015	0.0	0.022	0.0
BMP8A	Q7Z5Y6	False	BMP8A_HUMAN		CPI-CS0AEE2FB22	0.0	0.0	0.0	0.026	0.0	0.004	0.0	0.0	0.0	0.008	0.037	0.065	0.0	0.155
BMP8A	Q7Z5Y6	False	BMP8A_HUMAN		CPI-CS0860DA460	0.0	0.0	0.0	0.026	0.0	0.004	0.0	0.0	0.0	0.008	0.037	0.065	0.0	0.155
BMP8A	Q7Z5Y6	False	BMP8A_HUMAN		CPI-CS0484364A2	0.0	0.0	0.0	0.026	0.0	0.004	0.0	0.0	0.0	0.008	0.037	0.065	0.0	0.155
BMP8A	Q7Z5Y6	False	BMP8A_HUMAN		CPI-CS01319F57A	0.0	0.0	0.0	0.026	0.0	0.004	0.0	0.0	0.0	0.008	0.037	0.065	0.0	0.155
BMP8A	Q7Z5Y6	False	BMP8A_HUMAN		CPI-CS03DF8BD36	0.0	0.0	0.0	0.026	0.0	0.004	0.0	0.0	0.0	0.008	0.037	0.065	0.0	0.155
INHBA	P08476	False	INHBA_HUMAN		CPI-CS04DD927C9	0.0	0.0	0.205	0.056	0.0	0.006	0.0	0.0	0.0	0.03	0.0	0.0	0.0	0.0
INHBA	P08476	False	INHBA_HUMAN		CPI-CS0533A30DC	0.0	0.0	0.205	0.056	0.0	0.006	0.0	0.0	0.0	0.03	0.0	0.0	0.0	0.0
INHBA	P08476	False	INHBA_HUMAN		CPI-CS0C159B54D	0.0	0.0	0.205	0.056	0.0	0.006	0.0	0.0	0.0	0.03	0.0	0.0	0.0	0.0
GDF7	Q7Z4P5	False	GDF7_HUMAN		CPI-CS027D7A724	0.624	0.0	0.0	0.01	0.01	0.007	0.0	0.0	0.0	0.003	0.0	0.0	0.066	0.097
GDF7	Q7Z4P5	False	GDF7_HUMAN		CPI-CS0BDA0D08C	0.624	0.0	0.0	0.01	0.01	0.007	0.0	0.0	0.0	0.003	0.0	0.0	0.066	0.097
GDF7	Q7Z4P5	False	GDF7_HUMAN		CPI-CS055E15573	0.624	0.0	0.0	0.01	0.01	0.007	0.0	0.0	0.0	0.003	0.0	0.0	0.066	0.097
BMPR1A	P36894	False	BMR1A_HUMAN		CPI-CS0569B9B91	0.0	0.0	0.0	0.0	0.0	0.0	0.0	0.0	0.0	0.0	0.022	0.0	0.0	0.0
GDF11	O95390	False	GDF11_HUMAN		CPI-CS04F78ACD6	0.0	0.0	0.0	0.156	0.0	0.024	0.222	0.0	0.054	0.064	0.077	0.0	0.148	0.155
GDF11	O95390	False	GDF11_HUMAN		CPI-CS0384572FE	0.0	0.0	0.0	0.156	0.0	0.024	0.222	0.0	0.054	0.064	0.077	0.0	0.148	0.155
BMP3	P12645	False	BMP3_HUMAN		CPI-CS0C8F1E01F	0.0	0.0	0.0	0.0	0.0	0.0	0.0	0.0	0.0	0.001	0.0	0.0	0.166	0.0
LCK	P06239	False	LCK_HUMAN		CPI-CS0A66DB1CA	0.0	0.371	0.0	0.0	0.0	0.006	0.546	0.376	0.0	0.006	0.455	0.0	0.049	0.0
IL1B	P01584	False	IL1B_HUMAN		CPI-CS05426BFFA	0.0	0.0	0.31	0.4	0.353	0.313	0.205	0.0	0.054	0.374	0.043	0.325	0.356	0.169
IL1RN	P18510	False	IL1RA_HUMAN		CPI-CS0DEBE7B69	0.0	0.0	0.0	0.0	0.338	0.265	0.0	0.0	0.0	0.0	0.0	0.213	0.0	0.0
IL10	P22301	False	IL10_HUMAN		CPI-CS04CBDE052	0.0	0.0	0.0	0.0	0.0	0.015	0.0	0.0	0.0	0.012	0.0	0.0	0.0	0.0
IL15	P40933	False	IL15_HUMAN		CPI-CS06E556972	0.0	0.0	0.188	0.02	0.16	0.14	0.0	0.0	0.0	0.025	0.016	0.0	0.039	0.0
MICB	Q29980	False	MICB_HUMAN		CPI-CS0A9D23000	0.0	0.0	0.0	0.0	0.008	0.059	0.0	0.0	0.0	0.017	0.023	0.081	0.009	0.0
MICA	Q29983	False	MICA_HUMAN		CPI-CS06C6E2321	0.0	0.0	0.055	0.02	0.027	0.018	0.043	0.0	0.236	0.023	0.064	0.0	0.0	0.0
RAET1E	Q8TD07	False	N2DL4_HUMAN		CPI-CS09F211C3E	0.0	0.0	0.0	0.011	0.0	0.027	0.0	0.0	0.0	0.008	0.014	0.016	0.0	0.0
ULBP3	Q9BZM4	False	N2DL3_HUMAN		CPI-CS038376BA2	0.0	0.0	0.0	0.0	0.0	0.0	0.029	0.0	0.0	0.021	0.0	0.042	0.022	0.0
ULBP1	Q9BZM6	False	N2DL1_HUMAN		CPI-CS0007697A7	0.0	0.0	0.0	0.021	0.0	0.0	0.0	0.0	0.0	0.001	0.0	0.0	0.0	0.0
