gene_name	uniprot	is_complex	protein_name	complex_name	id_cp_interaction	B	CTL	HSC	HSC-like	Mono	Mono-like	NK	Plasma	Prog	Prog-like	T	cDC-like	earlyEry	lateEry
HLA-DPA1	HLADPA1	False	HLADPA1		CPI-SS028784FC6	2.702	0.486	0.92	1.097	0.0	0.78	0.513	0.499	0.607	1.271	0.128	1.529	0.317	0.225
PVR	P15151	False	PVR_HUMAN		CPI-SS00A8596B5	0.191	0.171	0.055	0.01	0.0	0.027	0.07	0.0	0.0	0.025	0.0	0.0	0.02	0.029
PVR	P15151	False	PVR_HUMAN		CPI-SS0B84DAE3D	0.191	0.171	0.055	0.01	0.0	0.027	0.07	0.0	0.0	0.025	0.0	0.0	0.02	0.029
PVR	P15151	False	PVR_HUMAN		CPI-SS0A8627ED6	0.191	0.171	0.055	0.01	0.0	0.027	0.07	0.0	0.0	0.025	0.0	0.0	0.02	0.029
PVR	P15151	False	PVR_HUMAN		CPI-SS00561BBD7	0.191	0.171	0.055	0.01	0.0	0.027	0.07	0.0	0.0	0.025	0.0	0.0	0.02	0.029
PVR	P15151	False	PVR_HUMAN		CPI-SS0F1A060D4	0.191	0.171	0.055	0.01	0.0	0.027	0.07	0.0	0.0	0.025	0.0	0.0	0.02	0.029
CADM1	Q9BY67	False	CADM1_HUMAN		CPI-SS0B990492C	0.0	0.012	0.0	0.0	0.0	0.0	0.033	0.0	0.0	0.001	0.021	0.0	0.0	0.0
TIGIT	Q495A1	False	TIGIT_HUMAN		CPI-SS03859E16F	0.0	0.906	0.0	0.007	0.0	0.0	0.478	0.0	0.0	0.01	0.171	0.0	0.042	0.128
NECTIN2	Q92692	False	PVRL2_HUMAN		CPI-SS02FBD007E	0.331	0.0	0.044	0.028	0.0	0.191	0.026	0.0	0.0	0.021	0.0	0.0	0.008	0.035
CADM1	Q9BY67	False	CADM1_HUMAN		CPI-SS0889E281D	0.0	0.012	0.0	0.0	0.0	0.0	0.033	0.0	0.0	0.001	0.021	0.0	0.0	0.0
CRTAM	O95727	False	CRTAM_HUMAN		CPI-SS0C9696AAA	0.0	0.22	0.062	0.044	0.0	0.0	0.127	0.0	0.0	0.006	0.047	0.0	0.007	0.0
TIGIT	Q495A1	False	TIGIT_HUMAN		CPI-SS0A5DF05C0	0.0	0.906	0.0	0.007	0.0	0.0	0.478	0.0	0.0	0.01	0.171	0.0	0.042	0.128
CD226	Q15762	False	CD226_HUMAN		CPI-SS06207F70E	0.0	0.109	0.0	0.008	0.0	0.19	0.187	0.166	0.0	0.006	0.135	0.0	0.031	0.028
CDH1	P12830	False	CADH1_HUMAN		CPI-SS0CC5DCE80	0.0	0.072	0.08	0.002	0.0	0.0	0.0	0.0	0.0	0.003	0.024	0.0	0.103	1.027
SPP1	P10451	False	OSTP_HUMAN		CPI-SS02AB0C3E0	0.0	0.0	0.0	0.009	0.0	0.0	0.0	0.0	0.0	0.01	0.0	0.0	0.0	0.0
LGALS9	O00182	False	LEG9_HUMAN		CPI-SS0703338F5	0.0	0.078	0.447	0.355	0.225	0.448	0.242	0.0	0.105	0.358	0.089	1.033	0.174	0.644
HGF	P14210	False	HGF_HUMAN		CPI-SS03722104E	0.0	0.0	0.024	0.007	0.225	0.083	0.0	0.0	0.0	0.004	0.0	0.0	0.0	0.0
FGF18	O76093	False	FGF18_HUMAN		CPI-SS0F2C6A4D4	0.0	0.0	0.077	0.009	0.0	0.0	0.022	0.0	0.0	0.014	0.0	0.0	0.025	0.0
FGF18	O76093	False	FGF18_HUMAN		CPI-SS0E134097C	0.0	0.0	0.077	0.009	0.0	0.0	0.022	0.0	0.0	0.014	0.0	0.0	0.025	0.0
FGF7	P21781	False	FGF7_HUMAN		CPI-SS00E68BB92	0.0	0.0	0.04	0.016	0.0	0.0	0.029	0.0	0.0	0.006	0.018	0.0	0.0	0.013
SPP1	P10451	False	OSTP_HUMAN		CPI-SS0C1BD22BC	0.0	0.0	0.0	0.009	0.0	0.0	0.0	0.0	0.0	0.01	0.0	0.0	0.0	0.0
TGFB1	P01137	False	TGFB1_HUMAN		CPI-SS085EE60B1	0.0	0.167	0.022	0.154	0.225	0.0	0.277	0.0	0.143	0.148	0.119	0.27	0.27	0.083
TGFB3	P10600	False	TGFB3_HUMAN		CPI-SS0D46E2B45	0.0	0.0	0.045	0.014	0.0	0.0	0.013	0.0	0.0	0.014	0.007	0.0	0.0	0.0
FFAR2	O15552	False	FFAR2_HUMAN		CPI-SS01158CABF	0.0	0.0	0.0	0.0	0.0	0.0	0.01	0.0	0.0	0.005	0.013	0.189	0.0	0.0
HLA-C	HLAC	False	HLAC		CPI-SS034D36D2F	4.677	4.67	1.621	2.516	4.207	5.244	5.546	2.965	2.38	2.194	2.69	3.201	1.849	1.323
LAMP1	P11279	False	LAMP1_HUMAN		CPI-SS055E061C9	0.305	0.105	0.04	0.142	0.335	0.214	0.26	0.131	0.0	0.15	0.148	0.859	0.17	0.077
KIR2DL3	P43628	False	KI2L3_HUMAN		CPI-SS02CF96625	0.0	0.0	0.0	0.0	0.0	0.0	0.023	0.0	0.0	0.0	0.0	0.0	0.0	0.0
CXADR	P78310	False	CXAR_HUMAN		CPI-SS033CB0BB2	0.0	0.0	0.0	0.0	0.0	0.0	0.019	0.0	0.0	0.004	0.0	0.0	0.0	0.009
ADGRG5	Q8IZF4	False	AGRG5_HUMAN		CPI-SS0AFC7BACF	0.0	0.012	0.125	0.119	0.0	0.076	0.051	0.0	0.143	0.094	0.007	0.049	0.004	0.061
FFAR2	O15552	False	FFAR2_HUMAN		CPI-SS072E1E27A	0.0	0.0	0.0	0.0	0.0	0.0	0.01	0.0	0.0	0.005	0.013	0.189	0.0	0.0
HLA-C	HLAC	False	HLAC		CPI-SS0917CBD53	4.677	4.67	1.621	2.516	4.207	5.244	5.546	2.965	2.38	2.194	2.69	3.201	1.849	1.323
LAMP1	P11279	False	LAMP1_HUMAN		CPI-SS064281234	0.305	0.105	0.04	0.142	0.335	0.214	0.26	0.131	0.0	0.15	0.148	0.859	0.17	0.077
CD80	P33681	False	CD80_HUMAN		CPI-SS08F13AD5C	0.0	0.0	0.0	0.003	0.0	0.0	0.0	0.0	0.0	0.002	0.0	0.0	0.0	0.0
HLA-DPB1	HLADPB1	False	HLADPB1		CPI-SS076BC3BA6	1.872	0.48	0.949	1.032	0.0	0.198	0.53	0.722	0.514	0.787	0.125	1.905	0.312	0.253
ADGRL1	O94910	False	AGRL1_HUMAN		CPI-SS09375CA29	0.0	0.0	0.03	0.009	0.0	0.0	0.073	0.0	0.0	0.018	0.014	0.0	0.012	0.009
EGF	P01133	False	EGF_HUMAN		CPI-SS00A953C3A	0.131	0.0	0.027	0.016	0.0	0.0	0.0	0.0	0.0	0.01	0.0	0.0	0.059	0.037
ERBB3	P21860	False	ERBB3_HUMAN		CPI-SS0BF9FA3F2	0.146	0.169	0.17	0.025	0.0	0.0	0.031	0.0	0.0	0.01	0.032	0.0	0.014	0.014
CD74	P04233	False	HG2A_HUMAN		CPI-SS0ABC5C1B8	9.661	1.487	1.141	2.248	0.0	2.663	1.038	2.134	1.02	2.097	0.38	3.882	0.456	0.245
ICAM1	P05362	False	ICAM1_HUMAN		CPI-SS0D4C221B8	0.0	0.072	0.0	0.015	0.0	0.0	0.056	0.0	0.0	0.008	0.004	0.095	0.0	0.0
TNFRSF1A	P19438	False	TNR1A_HUMAN		CPI-SS0DA033F03	0.0	0.084	0.194	0.198	0.0	0.526	0.153	0.166	0.0	0.188	0.035	0.232	0.135	0.072
NTRK1	P04629	False	NTRK1_HUMAN		CPI-SS054D158CC	0.0	0.0	0.035	0.0	0.0	0.0	0.0	0.0	0.0	0.003	0.0	0.0	0.0	0.067
TNFRSF1B	P20333	False	TNR1B_HUMAN		CPI-SS0C4E86714	0.191	0.452	0.126	0.181	1.043	1.245	0.614	0.0	0.522	0.143	0.205	0.93	0.026	0.127
CD74	P04233	False	HG2A_HUMAN		CPI-SS0302E8E8F	9.661	1.487	1.141	2.248	0.0	2.663	1.038	2.134	1.02	2.097	0.38	3.882	0.456	0.245
NTRK1	P04629	False	NTRK1_HUMAN		CPI-SS0E6E8A727	0.0	0.0	0.035	0.0	0.0	0.0	0.0	0.0	0.0	0.003	0.0	0.0	0.0	0.067
CD44	P16070	False	CD44_HUMAN		CPI-SS0632A027A	0.686	0.984	0.353	0.406	2.754	1.754	0.684	0.778	1.102	0.361	0.885	0.427	0.065	0.177
ERBB4	Q15303	False	ERBB4_HUMAN		CPI-SS03098AC28	0.0	0.0	0.0	0.002	0.0	0.0	0.0	0.0	0.0	0.004	0.0	0.0	0.0	0.0
HLA-DPB1	HLADPB1	False	HLADPB1		CPI-SS05D23BCE8	1.872	0.48	0.949	1.032	0.0	0.198	0.53	0.722	0.514	0.787	0.125	1.905	0.312	0.253
TNFRSF13B	O14836	False	TR13B_HUMAN		CPI-SS03C51D352	0.16	0.0	0.0	0.0	0.0	0.0	0.0	0.398	0.0	0.0	0.0	0.0	0.0	0.0
TFRC	P02786	False	TFR1_HUMAN		CPI-SS03133B4F2	0.651	0.557	0.268	0.215	0.0	0.086	0.117	0.157	0.245	0.301	0.15	0.267	1.174	6.055
TNFRSF17	Q02223	False	TNR17_HUMAN		CPI-SS0E2863F09	0.0	0.0	0.0	0.0	0.0	0.0	0.0	0.529	0.0	0.0	0.0	0.0	0.0	0.0
CD74	P04233	False	HG2A_HUMAN		CPI-SS09808DEAE	9.661	1.487	1.141	2.248	0.0	2.663	1.038	2.134	1.02	2.097	0.38	3.882	0.456	0.245
ICAM1	P05362	False	ICAM1_HUMAN		CPI-SS09C4FCB90	0.0	0.072	0.0	0.015	0.0	0.0	0.056	0.0	0.0	0.008	0.004	0.095	0.0	0.0
ICAM1	P05362	False	ICAM1_HUMAN		CPI-SS0E9A581F8	0.0	0.072	0.0	0.015	0.0	0.0	0.056	0.0	0.0	0.008	0.004	0.095	0.0	0.0
TNFRSF1A	P19438	False	TNR1A_HUMAN		CPI-SS0A4F27388	0.0	0.084	0.194	0.198	0.0	0.526	0.153	0.166	0.0	0.188	0.035	0.232	0.135	0.072
TNFRSF10B	O14763	False	TR10B_HUMAN		CPI-SS0049FD74F	0.0	0.073	0.0	0.033	0.0	0.087	0.067	0.0	0.143	0.01	0.019	0.095	0.004	0.0
FAS	P25445	False	TNR6_HUMAN		CPI-SS03A0C857B	0.0	0.171	0.04	0.018	0.0	0.151	0.179	0.0	0.0	0.019	0.136	0.0	0.01	0.009
NTRK1	P04629	False	NTRK1_HUMAN		CPI-SS0B1AB068C	0.0	0.0	0.035	0.0	0.0	0.0	0.0	0.0	0.0	0.003	0.0	0.0	0.0	0.067
NTRK1	P04629	False	NTRK1_HUMAN		CPI-SS0391D4602	0.0	0.0	0.035	0.0	0.0	0.0	0.0	0.0	0.0	0.003	0.0	0.0	0.0	0.067
ADORA2A	P29274	False	AA2AR_HUMAN		CPI-SS00A6D366F	0.0	0.0	0.0	0.008	0.0	0.0	0.0	0.131	0.0	0.006	0.032	0.0	0.006	0.0
NTRK1	P04629	False	NTRK1_HUMAN		CPI-SS05D1A6BEF	0.0	0.0	0.035	0.0	0.0	0.0	0.0	0.0	0.0	0.003	0.0	0.0	0.0	0.067
ERBB4	Q15303	False	ERBB4_HUMAN		CPI-SS074CF011C	0.0	0.0	0.0	0.002	0.0	0.0	0.0	0.0	0.0	0.004	0.0	0.0	0.0	0.0
TNF	P01375	False	TNFA_HUMAN		CPI-SS03FA58286	0.0	0.09	0.118	0.015	0.0	0.419	0.147	0.0	0.0	0.017	0.042	0.0	0.037	0.017
HLA-F	P30511	False	HLAF_HUMAN		CPI-SS0A76A8E97	0.878	2.104	0.366	0.431	0.0	1.952	1.571	0.333	0.481	0.365	0.762	0.919	0.32	0.188
CD1D	P15813	False	CD1D_HUMAN		CPI-SS0EAB03260	0.381	0.0	0.0	0.0	0.0	0.243	0.0	0.0	0.0	0.001	0.0	0.0	0.004	0.0
HLA-F	P30511	False	HLAF_HUMAN		CPI-SS00150FB64	0.878	2.104	0.366	0.431	0.0	1.952	1.571	0.333	0.481	0.365	0.762	0.919	0.32	0.188
CCL5	P13501	False	CCL5_HUMAN		CPI-SS0B01D306C	0.0	6.48	0.0	0.053	0.0	0.0	6.706	0.499	0.0	0.04	0.29	0.0	0.063	0.344
CSF1	P09603	False	CSF1_HUMAN		CPI-SS03105D292	0.0	0.089	0.161	0.005	0.0	0.0	0.0	0.0	0.0	0.006	0.0	0.0	0.108	0.13
IGF2	P01344	False	IGF2_HUMAN		CPI-SS0A3569604	0.131	0.0	0.0	0.0	0.0	0.0	0.0	0.0	0.0	0.002	0.0	0.032	0.0	0.159
IGF2	P01344	False	IGF2_HUMAN		CPI-SS0579FA162	0.131	0.0	0.0	0.0	0.0	0.0	0.0	0.0	0.0	0.002	0.0	0.032	0.0	0.159
IGF1	P05019	False	IGF1_HUMAN		CPI-SS0E41702C1	0.0	0.0	0.02	0.015	0.0	0.0	0.025	0.0	0.0	0.0	0.0	0.0	0.0	0.0
IGF2	P01344	False	IGF2_HUMAN		CPI-SS042A6F835	0.131	0.0	0.0	0.0	0.0	0.0	0.0	0.0	0.0	0.002	0.0	0.032	0.0	0.159
BDNF	P23560	False	BDNF_HUMAN		CPI-SS09A36B221	0.0	0.0	0.04	0.023	0.0	0.0	0.0	0.0	0.0	0.001	0.0	0.0	0.037	0.0
GRN	P28799	False	GRN_HUMAN		CPI-SS07CCAD9BF	1.386	0.0	0.113	0.049	3.355	2.256	0.07	0.0	0.224	0.078	0.013	1.915	0.027	0.135
COPA	P53621	False	COPA_HUMAN		CPI-SS04F3A1E5C	0.175	0.182	0.452	0.252	0.0	0.292	0.334	0.376	0.217	0.272	0.236	0.422	0.371	0.551
BDNF	P23560	False	BDNF_HUMAN		CPI-SS03F0B666C	0.0	0.0	0.04	0.023	0.0	0.0	0.0	0.0	0.0	0.001	0.0	0.0	0.037	0.0
CD200	P41217	False	OX2G_HUMAN		CPI-SS0A9E884E0	0.65	0.103	0.231	0.582	0.0	0.0	0.085	0.0	0.324	0.513	0.071	0.297	0.059	0.063
KLRB1	Q12918	False	KLRB1_HUMAN		CPI-SS0E292C126	0.0	0.19	0.0	0.015	0.0	0.076	0.76	0.166	0.544	0.004	0.335	0.0	0.006	0.034
FAM3C	Q92520	False	FAM3C_HUMAN		CPI-SS02A0FF87F	0.291	0.323	0.182	0.048	0.0	0.0	0.148	0.398	0.0	0.029	0.025	0.178	0.048	0.027
TNF	P01375	False	TNFA_HUMAN		CPI-SS0F8EFEECF	0.0	0.09	0.118	0.015	0.0	0.419	0.147	0.0	0.0	0.017	0.042	0.0	0.037	0.017
LGALS9	O00182	False	LEG9_HUMAN		CPI-SS0BD9F32BA	0.0	0.078	0.447	0.355	0.225	0.448	0.242	0.0	0.105	0.358	0.089	1.033	0.174	0.644
TNF	P01375	False	TNFA_HUMAN		CPI-SS02EBC1BB0	0.0	0.09	0.118	0.015	0.0	0.419	0.147	0.0	0.0	0.017	0.042	0.0	0.037	0.017
DLL1	O00548	False	DLL1_HUMAN		CPI-SS04A5D6B6F	0.0	0.0	0.033	0.0	0.0	0.0	0.0	0.0	0.0	0.002	0.0	0.0	0.0	0.0
TNF	P01375	False	TNFA_HUMAN		CPI-SS0B81F1BF5	0.0	0.09	0.118	0.015	0.0	0.419	0.147	0.0	0.0	0.017	0.042	0.0	0.037	0.017
PLXNB2	O15031	False	PLXB2_HUMAN		CPI-SS0AB21032D	0.262	0.0	0.126	0.088	0.0	0.045	0.02	0.0	0.112	0.058	0.005	0.018	0.056	0.0
TNF	P01375	False	TNFA_HUMAN		CPI-SS03B8E2D7A	0.0	0.09	0.118	0.015	0.0	0.419	0.147	0.0	0.0	0.017	0.042	0.0	0.037	0.017
TNF	P01375	False	TNFA_HUMAN		CPI-SS04B4619D0	0.0	0.09	0.118	0.015	0.0	0.419	0.147	0.0	0.0	0.017	0.042	0.0	0.037	0.017
LTA	P01374	False	TNFB_HUMAN		CPI-SS084BE3E4B	0.0	0.0	0.0	0.004	0.0	0.0	0.043	0.0	0.0	0.0	0.052	0.0	0.0	0.0
TNFSF13	O75888	False	TNF13_HUMAN		CPI-SS0F9B3B259	0.462	0.0	0.05	0.092	0.335	0.309	0.0	0.0	0.0	0.066	0.012	0.112	0.036	0.0
TNF	P01375	False	TNFA_HUMAN		CPI-SS08B7D54A3	0.0	0.09	0.118	0.015	0.0	0.419	0.147	0.0	0.0	0.017	0.042	0.0	0.037	0.017
TNFSF13	O75888	False	TNF13_HUMAN		CPI-SS0A83A7E30	0.462	0.0	0.05	0.092	0.335	0.309	0.0	0.0	0.0	0.066	0.012	0.112	0.036	0.0
TNF	P01375	False	TNFA_HUMAN		CPI-SS0E7D5974D	0.0	0.09	0.118	0.015	0.0	0.419	0.147	0.0	0.0	0.017	0.042	0.0	0.037	0.017
LTA	P01374	False	TNFB_HUMAN		CPI-SS07D9A48A2	0.0	0.0	0.0	0.004	0.0	0.0	0.043	0.0	0.0	0.0	0.052	0.0	0.0	0.0
TNF	P01375	False	TNFA_HUMAN		CPI-SS048A2311A	0.0	0.09	0.118	0.015	0.0	0.419	0.147	0.0	0.0	0.017	0.042	0.0	0.037	0.017
LTA	P01374	False	TNFB_HUMAN		CPI-SS0D5C54214	0.0	0.0	0.0	0.004	0.0	0.0	0.043	0.0	0.0	0.0	0.052	0.0	0.0	0.0
TNFSF10	P50591	False	TNF10_HUMAN		CPI-SS0DEDA3567	0.0	0.263	0.086	0.157	3.996	1.835	0.2	0.288	0.255	0.12	0.304	0.094	0.037	0.095
TNF	P01375	False	TNFA_HUMAN		CPI-SS034B442CE	0.0	0.09	0.118	0.015	0.0	0.419	0.147	0.0	0.0	0.017	0.042	0.0	0.037	0.017
TNFRSF13B	O14836	False	TR13B_HUMAN		CPI-SS0DCA69916	0.16	0.0	0.0	0.0	0.0	0.0	0.0	0.398	0.0	0.0	0.0	0.0	0.0	0.0
NCAM1	P13591	False	NCAM1_HUMAN		CPI-SS01BCB9360	0.0	0.0	0.112	0.009	0.0	0.087	0.151	0.0	0.0	0.004	0.026	0.0	0.004	0.013
NOTCH2	Q04721	False	NOTC2_HUMAN		CPI-SS07D71C546	0.0	0.245	0.337	0.081	0.0	0.579	0.046	0.0	0.0	0.053	0.022	0.178	0.175	0.065
NOTCH2	Q04721	False	NOTC2_HUMAN		CPI-SS027CDEA08	0.0	0.245	0.337	0.081	0.0	0.579	0.046	0.0	0.0	0.053	0.022	0.178	0.175	0.065
NOTCH1	P46531	False	NOTC1_HUMAN		CPI-SS012B7C21D	0.0	0.071	0.109	0.051	0.0	0.0	0.061	0.0	0.0	0.05	0.03	0.054	0.012	0.01
NOTCH4	Q99466	False	NOTC4_HUMAN		CPI-SS00D153A8A	0.206	0.103	0.063	0.024	0.0	0.19	0.0	0.0	0.0	0.007	0.0	0.0	0.002	0.0
NOTCH1	P46531	False	NOTC1_HUMAN		CPI-SS0B87FE6E0	0.0	0.071	0.109	0.051	0.0	0.0	0.061	0.0	0.0	0.05	0.03	0.054	0.012	0.01
CD46	P15529	False	MCP_HUMAN		CPI-SS01A07768A	0.16	0.362	0.349	0.293	0.335	0.773	0.57	0.0	0.58	0.215	0.325	0.161	0.278	0.468
NOTCH1	P46531	False	NOTC1_HUMAN		CPI-SS0A34EE366	0.0	0.071	0.109	0.051	0.0	0.0	0.061	0.0	0.0	0.05	0.03	0.054	0.012	0.01
CCL2	P13500	False	CCL2_HUMAN		CPI-SS0CF0E4DE9	0.0	0.0	0.0	0.0	0.0	0.081	0.0	0.0	0.0	0.0	0.0	0.0	0.0	0.0
CCL5	P13501	False	CCL5_HUMAN		CPI-SS0A021DB6E	0.0	6.48	0.0	0.053	0.0	0.0	6.706	0.499	0.0	0.04	0.29	0.0	0.063	0.344
CCL5	P13501	False	CCL5_HUMAN		CPI-SS0F3BF2B34	0.0	6.48	0.0	0.053	0.0	0.0	6.706	0.499	0.0	0.04	0.29	0.0	0.063	0.344
CCL22	O00626	False	CCL22_HUMAN		CPI-SS0AEC33FF1	0.0	0.103	0.0	0.011	0.0	0.0	0.0	0.0	0.0	0.003	0.0	0.0	0.009	0.0
CXCL11	O14625	False	CXL11_HUMAN		CPI-SS0CC738ABC	0.0	0.0	0.024	0.004	0.0	0.0	0.0	0.0	0.0	0.0	0.0	0.0	0.0	0.0
CXCL2	P19875	False	CXCL2_HUMAN		CPI-SS0CDAC688B	0.662	0.0	0.366	0.058	0.0	0.0	0.035	0.0	0.0	0.038	0.0	0.662	0.241	0.005
PF4	P02776	False	PLF4_HUMAN		CPI-SS01A6823FA	0.0	0.583	0.019	0.106	0.0	0.583	0.074	0.0	0.0	0.035	0.104	0.0	0.931	0.0
CXCL11	O14625	False	CXL11_HUMAN		CPI-SS09FAC4977	0.0	0.0	0.024	0.004	0.0	0.0	0.0	0.0	0.0	0.0	0.0	0.0	0.0	0.0
CXCL1	P09341	False	GROA_HUMAN		CPI-SS08102DC9E	0.0	0.0	0.0	0.004	0.0	0.0	0.0	0.0	0.0	0.0	0.0	0.757	0.01	0.0
CXCL8	P10145	False	IL8_HUMAN		CPI-SS0315F51DD	0.331	0.0	0.566	0.158	2.659	6.516	0.0	0.0	0.0	0.03	0.0	1.125	0.072	0.0
CXCL2	P19875	False	CXCL2_HUMAN		CPI-SS0F562FEA5	0.662	0.0	0.366	0.058	0.0	0.0	0.035	0.0	0.0	0.038	0.0	0.662	0.241	0.005
PPBP	P02775	False	CXCL7_HUMAN		CPI-SS0C491A3C1	0.0	1.361	0.059	0.186	0.0	0.764	0.134	0.0	0.0	0.066	0.185	0.185	0.916	0.0
CXCL3	P19876	False	CXCL3_HUMAN		CPI-SS09185EA8F	0.0	0.233	0.115	0.036	0.0	0.0	0.0	0.0	0.0	0.021	0.0	0.946	0.102	0.031
LGALS9	O00182	False	LEG9_HUMAN		CPI-SS0419B80C4	0.0	0.078	0.447	0.355	0.225	0.448	0.242	0.0	0.105	0.358	0.089	1.033	0.174	0.644
PDGFB	P01127	False	PDGFB_HUMAN		CPI-SS02928C71A	0.0	0.078	0.0	0.014	0.0	0.0	0.052	0.0	0.0	0.008	0.016	0.0	0.0	0.0
MDK	P21741	False	MK_HUMAN		CPI-SS006C6537E	0.0	0.0	0.144	0.158	0.0	0.0	0.021	0.0	0.084	0.198	0.017	0.095	0.018	0.0
LGALS9	O00182	False	LEG9_HUMAN		CPI-SS014958F32	0.0	0.078	0.447	0.355	0.225	0.448	0.242	0.0	0.105	0.358	0.089	1.033	0.174	0.644
SIRPA	P78324	False	SHPS1_HUMAN		CPI-SS0339AE950	0.0	0.0	0.0	0.003	0.335	0.759	0.0	0.0	0.0	0.013	0.0	0.084	0.0	0.0
LGALS9	O00182	False	LEG9_HUMAN		CPI-SS0A9FB762A	0.0	0.078	0.447	0.355	0.225	0.448	0.242	0.0	0.105	0.358	0.089	1.033	0.174	0.644
LGALS9	O00182	False	LEG9_HUMAN		CPI-SS002DF6C31	0.0	0.078	0.447	0.355	0.225	0.448	0.242	0.0	0.105	0.358	0.089	1.033	0.174	0.644
LGALS9	O00182	False	LEG9_HUMAN		CPI-SS0E23CEB91	0.0	0.078	0.447	0.355	0.225	0.448	0.242	0.0	0.105	0.358	0.089	1.033	0.174	0.644
LGALS9	O00182	False	LEG9_HUMAN		CPI-SS09C52F54E	0.0	0.078	0.447	0.355	0.225	0.448	0.242	0.0	0.105	0.358	0.089	1.033	0.174	0.644
MDK	P21741	False	MK_HUMAN		CPI-SS083CBFACD	0.0	0.0	0.144	0.158	0.0	0.0	0.021	0.0	0.084	0.198	0.017	0.095	0.018	0.0
PDGFB	P01127	False	PDGFB_HUMAN		CPI-SS05A26A1DE	0.0	0.078	0.0	0.014	0.0	0.0	0.052	0.0	0.0	0.008	0.016	0.0	0.0	0.0
PDGFB	P01127	False	PDGFB_HUMAN		CPI-SS0FEEB187C	0.0	0.078	0.0	0.014	0.0	0.0	0.052	0.0	0.0	0.008	0.016	0.0	0.0	0.0
PDGFA	P04085	False	PDGFA_HUMAN		CPI-SS0B70EB09E	0.181	0.156	0.041	0.062	0.0	0.041	0.015	0.0	0.0	0.034	0.085	0.0	0.012	0.098
WNT3	P56703	False	WNT3_HUMAN		CPI-SS0E7523314	0.0	0.0	0.0	0.003	0.0	0.0	0.0	0.0	0.0	0.007	0.02	0.0	0.039	0.0
TNFRSF10A	O00220	False	TR10A_HUMAN		CPI-SS0179FBFD3	0.0	0.103	0.023	0.023	0.0	0.0	0.033	0.0	0.0	0.012	0.036	0.018	0.0	0.017
TNFRSF10B	O14763	False	TR10B_HUMAN		CPI-SS0898D7F7F	0.0	0.073	0.0	0.033	0.0	0.087	0.067	0.0	0.143	0.01	0.019	0.095	0.004	0.0
TNFRSF10C	O14798	False	TR10C_HUMAN		CPI-SS01ECFDA18	0.0	0.0	0.0	0.006	0.37	0.24	0.0	0.0	0.0	0.004	0.0	0.0	0.0	0.0
FGFR1	P11362	False	FGFR1_HUMAN		CPI-SS039799099	0.0	0.089	0.0	0.018	0.0	0.0	0.044	0.0	0.214	0.03	0.041	0.0	0.0	0.005
FGFR1	P11362	False	FGFR1_HUMAN		CPI-SS07833475A	0.0	0.089	0.0	0.018	0.0	0.0	0.044	0.0	0.214	0.03	0.041	0.0	0.0	0.005
FGFR1	P11362	False	FGFR1_HUMAN		CPI-SS07A0F4D73	0.0	0.089	0.0	0.018	0.0	0.0	0.044	0.0	0.214	0.03	0.041	0.0	0.0	0.005
FGFR3	P22607	False	FGFR3_HUMAN		CPI-SS0883B7EE4	0.0	0.0	0.0	0.008	0.0	0.0	0.0	0.0	0.0	0.008	0.0	0.0	0.0	0.04
EFNA2	O43921	False	EFNA2_HUMAN		CPI-SS0E63AB61E	0.175	0.223	0.239	0.143	0.0	0.08	0.292	0.0	0.0	0.104	0.158	0.164	0.128	0.166
EFNA1	P20827	False	EFNA1_HUMAN		CPI-SS0EBFE1854	0.0	0.0	0.034	0.035	0.0	0.0	0.026	0.0	0.105	0.026	0.006	0.0	0.0	0.0
EFNA4	P52798	False	EFNA4_HUMAN		CPI-SS0659DBE72	0.0	0.0	0.0	0.007	0.37	0.0	0.026	0.0	0.0	0.005	0.005	0.045	0.0	0.0
EFNA5	P52803	False	EFNA5_HUMAN		CPI-SS0FC01B947	0.0	0.197	0.089	0.087	0.0	0.0	0.0	0.0	0.097	0.038	0.08	0.049	0.021	0.055
EFNB2	P52799	False	EFNB2_HUMAN		CPI-SS087E0E3FB	0.0	0.0	0.089	0.0	0.0	0.0	0.0	0.0	0.0	0.0	0.0	0.0	0.0	0.0
FGFR3	P22607	False	FGFR3_HUMAN		CPI-SS0D1AE5C79	0.0	0.0	0.0	0.008	0.0	0.0	0.0	0.0	0.0	0.008	0.0	0.0	0.0	0.04
DLL1	O00548	False	DLL1_HUMAN		CPI-SS0423580E5	0.0	0.0	0.033	0.0	0.0	0.0	0.0	0.0	0.0	0.002	0.0	0.0	0.0	0.0
JAG1	P78504	False	JAG1_HUMAN		CPI-SS060B82BBC	0.0	0.0	0.028	0.036	0.0	0.086	0.0	0.0	0.0	0.024	0.01	0.0	0.039	0.003
DLK1	P80370	False	DLK1_HUMAN		CPI-SS0E1A8414D	0.0	0.0	0.0	0.023	0.0	0.0	0.056	0.0	0.0	0.004	0.0	0.018	0.017	0.0
DLL1	O00548	False	DLL1_HUMAN		CPI-SS0FB5FE587	0.0	0.0	0.033	0.0	0.0	0.0	0.0	0.0	0.0	0.002	0.0	0.0	0.0	0.0
JAG1	P78504	False	JAG1_HUMAN		CPI-SS0837E9F59	0.0	0.0	0.028	0.036	0.0	0.086	0.0	0.0	0.0	0.024	0.01	0.0	0.039	0.003
DLK1	P80370	False	DLK1_HUMAN		CPI-SS0D37C7C70	0.0	0.0	0.0	0.023	0.0	0.0	0.056	0.0	0.0	0.004	0.0	0.018	0.017	0.0
PLXNB2	O15031	False	PLXB2_HUMAN		CPI-SS08FAC0A55	0.262	0.0	0.126	0.088	0.0	0.045	0.02	0.0	0.112	0.058	0.005	0.018	0.056	0.0
PLXNB1	O43157	False	PLXB1_HUMAN		CPI-SS0CCCF7C69	0.0	0.0	0.0	0.001	0.0	0.0	0.019	0.0	0.097	0.006	0.0	0.0	0.0	0.0
LTA	P01374	False	TNFB_HUMAN		CPI-SS0110361CB	0.0	0.0	0.0	0.004	0.0	0.0	0.043	0.0	0.0	0.0	0.052	0.0	0.0	0.0
TNFSF13	O75888	False	TNF13_HUMAN		CPI-SS0C28FEC7D	0.462	0.0	0.05	0.092	0.335	0.309	0.0	0.0	0.0	0.066	0.012	0.112	0.036	0.0
TNFSF14	O43557	False	TNF14_HUMAN		CPI-SS019C98396	0.0	0.087	0.077	0.0	1.773	0.0	0.055	0.0	0.0	0.002	0.013	0.0	0.0	0.0
CD160	O95971	False	BY55_HUMAN		CPI-SS0879B8E95	0.0	0.557	0.04	0.003	0.0	0.0	0.348	0.0	0.0	0.006	0.0	0.0	0.007	0.0
MIF	P14174	False	MIF_HUMAN		CPI-SS02ACCF1F7	0.823	0.992	1.047	1.342	0.37	0.626	1.273	2.229	1.713	2.002	0.732	1.616	2.68	1.24
BTLA	Q7Z6A9	False	BTLA_HUMAN		CPI-SS08330207B	0.732	0.0	0.0	0.01	0.0	0.0	0.11	0.428	0.0	0.006	0.155	0.0	0.0	0.0
TNFSF13	O75888	False	TNF13_HUMAN		CPI-SS0B89DD8C1	0.462	0.0	0.05	0.092	0.335	0.309	0.0	0.0	0.0	0.066	0.012	0.112	0.036	0.0
TNFSF10	P50591	False	TNF10_HUMAN		CPI-SS095E52E66	0.0	0.263	0.086	0.157	3.996	1.835	0.2	0.288	0.255	0.12	0.304	0.094	0.037	0.095
MIF	P14174	False	MIF_HUMAN		CPI-SS059EEFDC6	0.823	0.992	1.047	1.342	0.37	0.626	1.273	2.229	1.713	2.002	0.732	1.616	2.68	1.24
EFNA2	O43921	False	EFNA2_HUMAN		CPI-SS0C875BA24	0.175	0.223	0.239	0.143	0.0	0.08	0.292	0.0	0.0	0.104	0.158	0.164	0.128	0.166
EFNA1	P20827	False	EFNA1_HUMAN		CPI-SS09CA492BA	0.0	0.0	0.034	0.035	0.0	0.0	0.026	0.0	0.105	0.026	0.006	0.0	0.0	0.0
ACKR2	O00590	False	ACKR2_HUMAN		CPI-SS03165AD8C	0.0	0.0	0.062	0.004	0.0	0.0	0.017	0.0	0.0	0.004	0.0	0.0	0.0	0.0
ACKR2	O00590	False	ACKR2_HUMAN		CPI-SS0AE4CF4E7	0.0	0.0	0.062	0.004	0.0	0.0	0.017	0.0	0.0	0.004	0.0	0.0	0.0	0.0
GPR75	O95800	False	GPR75_HUMAN		CPI-SS0DA291AD9	0.0	0.0	0.089	0.003	0.0	0.0	0.0	0.0	0.0	0.005	0.0	0.0	0.0	0.0
ACKR2	O00590	False	ACKR2_HUMAN		CPI-SS0BE8BE8E9	0.0	0.0	0.062	0.004	0.0	0.0	0.017	0.0	0.0	0.004	0.0	0.0	0.0	0.0
CCR2	P41597	False	CCR2_HUMAN		CPI-SS09AFCF898	0.0	0.054	0.0	0.006	0.37	0.307	0.0	0.0	0.0	0.005	0.015	0.0	0.0	0.0
CCR1	P32246	False	CCR1_HUMAN		CPI-SS0F8C2FA91	0.0	0.0	0.0	0.003	1.075	0.261	0.035	0.0	0.0	0.001	0.0	0.53	0.034	0.0
CCR5	P51681	False	CCR5_HUMAN		CPI-SS0DFAF1FE2	0.0	0.269	0.0	0.005	0.0	0.172	0.132	0.0	0.0	0.0	0.027	0.094	0.0	0.0
ACKR2	O00590	False	ACKR2_HUMAN		CPI-SS091B461CB	0.0	0.0	0.062	0.004	0.0	0.0	0.017	0.0	0.0	0.004	0.0	0.0	0.0	0.0
PODXL	O00592	False	PODXL_HUMAN		CPI-SS08920B6FF	0.0	0.103	0.0	0.0	0.886	0.0	0.0	0.131	0.0	0.018	0.007	0.084	0.0	0.016
EREG	O14944	False	EREG_HUMAN		CPI-SS0FC42EC80	0.0	0.0	0.0	0.004	0.0	0.0	0.039	0.0	0.0	0.007	0.0	0.0	0.02	0.045
NRG1	Q02297	False	NRG1_HUMAN		CPI-SS0BD5C2A23	0.0	0.0	0.016	0.039	0.0	0.0	0.06	0.0	0.0	0.009	0.0	0.0	0.009	0.0
NRG1	Q02297	False	NRG1_HUMAN		CPI-SS0708FE6FF	0.0	0.0	0.016	0.039	0.0	0.0	0.06	0.0	0.0	0.009	0.0	0.0	0.009	0.0
NRG1	Q02297	False	NRG1_HUMAN		CPI-SS0E075E5AF	0.0	0.0	0.016	0.039	0.0	0.0	0.06	0.0	0.0	0.009	0.0	0.0	0.009	0.0
NRG1	Q02297	False	NRG1_HUMAN		CPI-SS0978D28AB	0.0	0.0	0.016	0.039	0.0	0.0	0.06	0.0	0.0	0.009	0.0	0.0	0.009	0.0
NCR3	O14931	False	NCTR3_HUMAN		CPI-SS027AFFC0E	0.0	0.0	0.0	0.007	0.0	0.076	0.212	0.499	0.0	0.01	0.052	0.0	0.019	0.0
NCR3	O14931	False	NCTR3_HUMAN		CPI-SS0F94547B2	0.0	0.0	0.0	0.007	0.0	0.076	0.212	0.499	0.0	0.01	0.052	0.0	0.019	0.0
PLD2	O14939	False	PLD2_HUMAN		CPI-SS06A999D25	0.0	0.0	0.142	0.0	0.0	0.0	0.0	0.0	0.0	0.004	0.0	0.0	0.0	0.0
SEMA4A	Q9H3S1	False	SEM4A_HUMAN		CPI-SS044C72D0D	0.331	0.054	0.0	0.033	0.0	0.204	0.0	0.245	0.0	0.012	0.0	0.255	0.006	0.0
ANGPT2	O15123	False	ANGP2_HUMAN		CPI-SS0BAB460FF	0.0	0.165	0.117	0.084	0.0	0.027	0.012	0.0	0.0	0.035	0.006	0.0	0.025	0.025
EPHB6	O15197	False	EPHB6_HUMAN		CPI-SS090FC28E1	0.181	0.151	0.103	0.022	0.0	0.189	0.0	0.0	0.0	0.017	0.049	0.0	0.0	0.002
EFNB2	P52799	False	EFNB2_HUMAN		CPI-SS08D0F9109	0.0	0.0	0.089	0.0	0.0	0.0	0.0	0.0	0.0	0.0	0.0	0.0	0.0	0.0
EPHA3	P29320	False	EPHA3_HUMAN		CPI-SS0BEAB521F	0.0	0.0	0.0	0.0	0.0	0.0	0.0	0.0	0.0	0.002	0.0	0.0	0.0	0.0
EFNB2	P52799	False	EFNB2_HUMAN		CPI-SS082ABF1EA	0.0	0.0	0.089	0.0	0.0	0.0	0.0	0.0	0.0	0.0	0.0	0.0	0.0	0.0
EPHA3	P29320	False	EPHA3_HUMAN		CPI-SS041888D39	0.0	0.0	0.0	0.0	0.0	0.0	0.0	0.0	0.0	0.002	0.0	0.0	0.0	0.0
GRIN2A	Q12879	False	NMDE1_HUMAN		CPI-SS070B0E458	0.0	0.0	0.0	0.005	0.0	0.0	0.0	0.0	0.0	0.001	0.0	0.0	0.0	0.0
CSF1	P09603	False	CSF1_HUMAN		CPI-SS068C129D6	0.0	0.089	0.161	0.005	0.0	0.0	0.0	0.0	0.0	0.006	0.0	0.0	0.108	0.13
CEACAM1	P13688	False	CEAM1_HUMAN		CPI-SS0CCDBBBC0	0.0	0.0	0.0	0.0	0.886	0.0	0.006	0.0	0.0	0.005	0.0	0.0	0.0	0.0
TBXA2R	P21731	False	TA2R_HUMAN		CPI-SS042EB8C7A	0.0	0.0	0.127	0.012	0.0	0.076	0.0	0.0	0.0	0.016	0.013	0.069	0.017	0.019
PTGIR	P43119	False	PI2R_HUMAN		CPI-SS05D406038	0.0	0.0	0.0	0.011	0.0	0.081	0.0	0.0	0.0	0.005	0.0	0.0	0.084	0.015
TNFSF12	O43508	False	TNF12_HUMAN		CPI-SS079DDF890	0.114	0.0	0.0	0.003	0.0	0.0	0.055	0.166	0.0	0.008	0.03	0.095	0.0	0.0
TNFSF15	O95150	False	TNF15_HUMAN		CPI-SS0B0CF0EDF	0.0	0.0	0.0	0.005	0.0	0.0	0.023	0.0	0.143	0.001	0.016	0.0	0.0	0.0
LRP6	O75581	False	LRP6_HUMAN		CPI-SS05B1FA8A8	0.0	0.0	0.131	0.024	0.0	0.09	0.011	0.0	0.0	0.012	0.009	0.0	0.008	0.0
COPA	P53621	False	COPA_HUMAN		CPI-SS065F7DA2A	0.175	0.182	0.452	0.252	0.0	0.292	0.334	0.376	0.217	0.272	0.236	0.422	0.371	0.551
NAMPT	P43490	False	NAMPT_HUMAN		CPI-SS09A3FA737	0.0	0.0	0.04	0.072	1.244	0.538	0.14	0.157	0.185	0.057	0.086	0.22	0.177	0.05
ADORA2A	P29274	False	AA2AR_HUMAN		CPI-SS03E273233	0.0	0.0	0.0	0.008	0.0	0.0	0.0	0.131	0.0	0.006	0.032	0.0	0.006	0.0
ADORA3	P0DMS8	False	AA3R_HUMAN		CPI-SS0FF6CFDCA	0.0	0.0	0.0	0.0	0.0	0.0	0.0	0.0	0.0	0.0	0.0	0.084	0.0	0.0
C5	P01031	False	CO5_HUMAN		CPI-SS00581282E	0.0	0.0	0.0	0.023	0.0	0.024	0.0	0.0	0.0	0.024	0.033	0.0	0.045	0.044
IL1B	P01584	False	IL1B_HUMAN		CPI-SS0C6448B94	0.191	0.079	0.626	0.568	0.0	0.0	0.075	0.0	0.181	0.414	0.021	0.271	0.484	0.234
CD8A	P01732	False	CD8A_HUMAN		CPI-SS0C1F25516	0.0	1.187	0.0	0.009	0.0	0.0	1.181	0.166	0.0	0.011	0.148	0.0	0.0	0.116
ANXA1	P04083	False	ANXA1_HUMAN		CPI-SS0F739D3DB	0.331	1.008	0.707	0.768	5.764	2.562	1.15	0.0	1.377	0.895	0.878	0.754	0.386	0.196
RLN1	P04808	False	REL1_HUMAN		CPI-SS0FAE75A75	0.0	0.0	0.0	0.0	0.0	0.0	0.0	0.0	0.0	0.0	0.019	0.0	0.0	0.0
TNFSF9	P41273	False	TNFL9_HUMAN		CPI-SS0431D2256	0.0	0.0	0.159	0.003	0.0	0.0	0.0	0.0	0.0	0.005	0.006	0.0	0.0	0.0
TNFSF9	P41273	False	TNFL9_HUMAN		CPI-SS047CD2E9F	0.0	0.0	0.159	0.003	0.0	0.0	0.0	0.0	0.0	0.005	0.006	0.0	0.0	0.0
CD2	P06729	False	CD2_HUMAN		CPI-SS00B1BEE64	0.331	3.362	0.032	0.039	0.0	0.0	1.663	0.0	0.544	0.027	1.446	0.084	0.072	0.105
CEACAM5	P06731	False	CEAM5_HUMAN		CPI-SS0B537DD3F	0.0	0.0	0.077	0.0	0.0	0.0	0.0	0.0	0.0	0.0	0.015	0.054	0.005	0.0
CEACAM5	P06731	False	CEAM5_HUMAN		CPI-SS0AC66088D	0.0	0.0	0.077	0.0	0.0	0.0	0.0	0.0	0.0	0.0	0.015	0.054	0.005	0.0
PROS1	P07225	False	PROS_HUMAN		CPI-SS0C85BC9AF	0.0	0.012	0.0	0.007	0.0	0.38	0.0	0.0	0.0	0.006	0.0	0.246	0.046	0.016
CSF1R	P07333	False	CSF1R_HUMAN		CPI-SS0B01CF3AB	0.0	0.0	0.06	0.066	0.573	0.346	0.07	0.0	0.0	0.077	0.019	0.821	0.0	0.01
CD55	P08174	False	DAF_HUMAN		CPI-SS061A7E099	0.159	0.062	0.518	0.186	1.459	0.634	0.158	0.324	0.0	0.136	0.456	0.297	0.475	0.213
PTPRC	P08575	False	PTPRC_HUMAN		CPI-SS0822AEF5F	3.379	5.841	3.773	2.922	4.461	4.113	7.183	0.98	4.182	2.241	4.014	2.303	1.028	0.72
CD48	P09326	False	CD48_HUMAN		CPI-SS056FF4363	0.592	0.858	0.132	0.09	1.378	1.458	1.662	0.752	0.185	0.071	1.38	0.428	0.047	0.157
PDGFRB	P09619	False	PGFRB_HUMAN		CPI-SS0D954EA1C	0.0	0.0	0.0	0.04	0.0	0.0	0.046	0.0	0.0	0.036	0.0	0.0	0.0	0.0
ALOX5	P09917	False	LOX5_HUMAN		CPI-SS080611C5B	0.0	0.0	0.0	0.004	1.481	1.103	0.0	0.0	0.0	0.016	0.008	0.246	0.0	0.0
CD28	P10747	False	CD28_HUMAN		CPI-SS07327E587	0.0	0.054	0.063	0.004	0.0	0.0	0.025	0.0	0.0	0.005	0.349	0.0	0.009	0.063
CTLA4	P16410	False	CTLA4_HUMAN		CPI-SS0320FFAFC	0.0	0.012	0.0	0.003	0.0	0.0	0.005	0.0	0.0	0.0	0.037	0.0	0.0	0.0
CD28	P10747	False	CD28_HUMAN		CPI-SS077D7365D	0.0	0.054	0.063	0.004	0.0	0.0	0.025	0.0	0.0	0.005	0.349	0.0	0.009	0.063
CTLA4	P16410	False	CTLA4_HUMAN		CPI-SS0B0E09B1C	0.0	0.012	0.0	0.003	0.0	0.0	0.005	0.0	0.0	0.0	0.037	0.0	0.0	0.0
SELL	P14151	False	LYAM1_HUMAN		CPI-SS0EB5AEC83	0.785	0.966	0.534	0.366	2.648	1.081	1.273	0.63	1.026	0.37	1.383	0.0	0.059	0.057
SELP	P16109	False	LYAM3_HUMAN		CPI-SS015E1E2C6	0.0	0.0	0.04	0.002	0.0	0.0	0.0	0.0	0.0	0.001	0.004	0.0	0.062	0.0
SELL	P14151	False	LYAM1_HUMAN		CPI-SS087321EB5	0.785	0.966	0.534	0.366	2.648	1.081	1.273	0.63	1.026	0.37	1.383	0.0	0.059	0.057
SELP	P16109	False	LYAM3_HUMAN		CPI-SS02B7540B0	0.0	0.0	0.04	0.002	0.0	0.0	0.0	0.0	0.0	0.001	0.004	0.0	0.062	0.0
SELP	P16109	False	LYAM3_HUMAN		CPI-SS06ABF2F5A	0.0	0.0	0.04	0.002	0.0	0.0	0.0	0.0	0.0	0.001	0.004	0.0	0.062	0.0
CD99	P14209	False	CD99_HUMAN		CPI-SS01560CA22	0.803	0.91	0.503	0.758	0.0	0.788	1.206	0.245	0.416	0.625	0.318	0.373	0.081	0.27
SPN	P16150	False	LEUK_HUMAN		CPI-SS02A170A99	0.479	1.793	2.412	2.066	0.0	0.618	1.566	0.333	1.949	2.073	0.737	0.813	2.343	1.503
PDGFRA	P16234	False	PGFRA_HUMAN		CPI-SS03CC15FF3	0.0	0.0	0.019	0.0	0.0	0.0	0.0	0.0	0.0	0.0	0.0	0.0	0.0	0.0
PECAM1	P16284	False	PECA1_HUMAN		CPI-SS0E0DEA7D5	0.0	0.65	0.397	0.568	0.37	0.367	0.315	0.131	0.626	0.461	0.055	0.657	0.393	0.112
C5AR1	P21730	False	C5AR1_HUMAN		CPI-SS01946BE5C	0.0	0.0	0.075	0.0	0.573	1.452	0.048	0.0	0.0	0.004	0.0	0.095	0.005	0.0
CD6	P30203	False	CD6_HUMAN		CPI-SS08991B378	0.0	0.314	0.024	0.016	0.0	0.0	0.119	0.0	0.0	0.005	0.306	0.0	0.006	0.017
AXL	P30530	False	UFO_HUMAN		CPI-SS03A4F7DC8	0.0	0.0	0.063	0.005	0.0	0.0	0.0	0.0	0.0	0.012	0.02	0.0	0.012	0.005
MERTK	Q12866	False	MERTK_HUMAN		CPI-SS0415CC75D	0.0	0.0	0.181	0.03	0.0	0.08	0.0	0.0	0.097	0.014	0.0	0.0	0.012	0.0
CD52	P31358	False	CD52_HUMAN		CPI-SS073C1B796	4.511	4.148	1.654	2.594	3.472	2.47	5.943	2.048	1.644	2.07	4.492	1.5	0.277	0.756
FLT3	P36888	False	FLT3_HUMAN		CPI-SS076FEB261	0.181	0.0	0.835	1.02	0.0	0.107	0.213	0.0	0.739	0.728	0.098	0.37	0.118	0.137
LEP	P41159	False	LEP_HUMAN		CPI-SS066FE05CA	0.0	0.0	0.0	0.0	0.0	0.0	0.0	0.0	0.0	0.007	0.0	0.0	0.0	0.0
NMU	P48645	False	NMU_HUMAN		CPI-SS018BD4882	0.0	0.073	0.0	0.0	0.0	0.0	0.006	0.0	0.0	0.002	0.006	0.0	0.061	0.586
DSG2	Q14126	False	DSG2_HUMAN		CPI-SS0B6F0C894	0.131	0.0	0.089	0.101	0.0	0.027	0.011	0.0	0.097	0.108	0.007	0.041	0.181	0.124
DSC2	Q02487	False	DSC2_HUMAN		CPI-SS06D13FCD3	0.0	0.0	0.104	0.183	1.145	0.218	0.062	0.0	0.143	0.165	0.0	0.286	0.062	0.017
TEK	Q02763	False	TIE2_HUMAN		CPI-SS0B337B316	0.0	0.0	0.032	0.0	0.0	0.0	0.0	0.0	0.0	0.0	0.0	0.0	0.0	0.0
TEK	Q02763	False	TIE2_HUMAN		CPI-SS00BBA318F	0.0	0.0	0.032	0.0	0.0	0.0	0.0	0.0	0.0	0.0	0.0	0.0	0.0	0.0
CD47	Q08722	False	CD47_HUMAN		CPI-SS0E9015902	2.236	2.096	2.981	1.621	0.671	1.179	2.423	1.111	2.073	1.33	1.197	1.887	1.777	1.824
IL16	Q14005	False	IL16_HUMAN		CPI-SS0893BD6B6	0.916	0.523	0.123	0.191	0.0	0.325	0.42	0.752	0.0	0.153	0.4	0.234	0.05	0.027
LAIR1	Q6GTX8	False	LAIR1_HUMAN		CPI-SS067BA9202	0.324	0.13	0.27	0.367	0.573	0.236	0.225	0.0	0.287	0.24	0.067	0.242	0.01	0.051
PROKR2	Q8NFJ6	False	PKR2_HUMAN		CPI-SS027E57635	0.139	0.0	0.036	0.017	0.335	0.0	0.0	0.0	0.0	0.004	0.008	0.0	0.0	0.0
CLEC2B	Q92478	False	CLC2B_HUMAN		CPI-SS025C8F785	0.322	0.413	0.536	0.55	0.0	0.718	1.188	0.157	1.971	0.492	0.521	0.742	0.209	0.078
ESAM	Q96AP7	False	ESAM_HUMAN		CPI-SS04C672963	0.131	0.155	0.091	0.103	0.0	0.0	0.054	0.0	0.0	0.057	0.012	0.018	0.172	0.025
TNFSF9	P41273	False	TNFL9_HUMAN		CPI-SS028784FC6	0.0	0.0	0.159	0.003	0.0	0.0	0.0	0.0	0.0	0.005	0.006	0.0	0.0	0.0
TNFSF9	P41273	False	TNFL9_HUMAN		CPI-SS00A8596B5	0.0	0.0	0.159	0.003	0.0	0.0	0.0	0.0	0.0	0.005	0.006	0.0	0.0	0.0
CD96	P40200	False	TACT_HUMAN		CPI-SS0B84DAE3D	0.953	1.104	0.4	0.344	0.0	0.0	1.051	0.166	0.0	0.191	0.921	0.0	0.095	0.164
CD226	Q15762	False	CD226_HUMAN		CPI-SS0A8627ED6	0.0	0.109	0.0	0.008	0.0	0.19	0.187	0.166	0.0	0.006	0.135	0.0	0.031	0.028
TIGIT	Q495A1	False	TIGIT_HUMAN		CPI-SS00561BBD7	0.0	0.906	0.0	0.007	0.0	0.0	0.478	0.0	0.0	0.01	0.171	0.0	0.042	0.128
NECTIN3	Q9NQS3	False	PVRL3_HUMAN		CPI-SS0F1A060D4	0.0	0.0	0.0	0.0	0.0	0.0	0.062	0.0	0.0	0.0	0.0	0.0	0.0	0.003
NECTIN3	Q9NQS3	False	PVRL3_HUMAN		CPI-SS0B990492C	0.0	0.0	0.0	0.0	0.0	0.0	0.062	0.0	0.0	0.0	0.0	0.0	0.0	0.003
NECTIN3	Q9NQS3	False	PVRL3_HUMAN		CPI-SS03859E16F	0.0	0.0	0.0	0.0	0.0	0.0	0.062	0.0	0.0	0.0	0.0	0.0	0.0	0.003
NECTIN3	Q9NQS3	False	PVRL3_HUMAN		CPI-SS02FBD007E	0.0	0.0	0.0	0.0	0.0	0.0	0.062	0.0	0.0	0.0	0.0	0.0	0.0	0.003
CADM1	Q9BY67	False	CADM1_HUMAN		CPI-SS0C9696AAA	0.0	0.012	0.0	0.0	0.0	0.0	0.033	0.0	0.0	0.001	0.021	0.0	0.0	0.0
NECTIN2	Q92692	False	PVRL2_HUMAN		CPI-SS0A5DF05C0	0.331	0.0	0.044	0.028	0.0	0.191	0.026	0.0	0.0	0.021	0.0	0.0	0.008	0.035
NECTIN2	Q92692	False	PVRL2_HUMAN		CPI-SS06207F70E	0.331	0.0	0.044	0.028	0.0	0.191	0.026	0.0	0.0	0.021	0.0	0.0	0.008	0.035
KLRG1	Q96E93	False	KLRG1_HUMAN		CPI-SS0CC5DCE80	0.0	0.45	0.146	0.074	0.0	0.151	0.866	0.0	0.557	0.077	0.155	0.46	0.011	0.089
CD44	P16070	False	CD44_HUMAN		CPI-SS02AB0C3E0	0.686	0.984	0.353	0.406	2.754	1.754	0.684	0.778	1.102	0.361	0.885	0.427	0.065	0.177
CD44	P16070	False	CD44_HUMAN		CPI-SS0703338F5	0.686	0.984	0.353	0.406	2.754	1.754	0.684	0.778	1.102	0.361	0.885	0.427	0.065	0.177
CD44	P16070	False	CD44_HUMAN		CPI-SS03722104E	0.686	0.984	0.353	0.406	2.754	1.754	0.684	0.778	1.102	0.361	0.885	0.427	0.065	0.177
FGFR1	P11362	False	FGFR1_HUMAN		CPI-SS0F2C6A4D4	0.0	0.089	0.0	0.018	0.0	0.0	0.044	0.0	0.214	0.03	0.041	0.0	0.0	0.005
FGFR3	P22607	False	FGFR3_HUMAN		CPI-SS0E134097C	0.0	0.0	0.0	0.008	0.0	0.0	0.0	0.0	0.0	0.008	0.0	0.0	0.0	0.04
FGFR3	P22607	False	FGFR3_HUMAN		CPI-SS00E68BB92	0.0	0.0	0.0	0.008	0.0	0.0	0.0	0.0	0.0	0.008	0.0	0.0	0.0	0.04
PTGER4	P35408	False	PE2R4_HUMAN		CPI-SS0C1BD22BC	0.331	0.122	0.514	0.247	0.335	0.161	0.256	0.131	0.307	0.214	0.225	0.727	0.169	0.016
TGFBR3	Q03167	False	TGBR3_HUMAN		CPI-SS085EE60B1	0.0	0.353	0.213	0.014	0.0	0.0	0.9	0.0	0.0	0.003	0.072	0.0	0.011	0.063
TGFBR3	Q03167	False	TGBR3_HUMAN		CPI-SS0D46E2B45	0.0	0.353	0.213	0.014	0.0	0.0	0.9	0.0	0.0	0.003	0.072	0.0	0.011	0.063
FAM3C	Q92520	False	FAM3C_HUMAN		CPI-SS01158CABF	0.291	0.323	0.182	0.048	0.0	0.0	0.148	0.398	0.0	0.029	0.025	0.178	0.048	0.027
FAM3C	Q92520	False	FAM3C_HUMAN		CPI-SS034D36D2F	0.291	0.323	0.182	0.048	0.0	0.0	0.148	0.398	0.0	0.029	0.025	0.178	0.048	0.027
FAM3C	Q92520	False	FAM3C_HUMAN		CPI-SS055E061C9	0.291	0.323	0.182	0.048	0.0	0.0	0.148	0.398	0.0	0.029	0.025	0.178	0.048	0.027
FAM3C	Q92520	False	FAM3C_HUMAN		CPI-SS02CF96625	0.291	0.323	0.182	0.048	0.0	0.0	0.148	0.398	0.0	0.029	0.025	0.178	0.048	0.027
FAM3C	Q92520	False	FAM3C_HUMAN		CPI-SS033CB0BB2	0.291	0.323	0.182	0.048	0.0	0.0	0.148	0.398	0.0	0.029	0.025	0.178	0.048	0.027
FAM3C	Q92520	False	FAM3C_HUMAN		CPI-SS0AFC7BACF	0.291	0.323	0.182	0.048	0.0	0.0	0.148	0.398	0.0	0.029	0.025	0.178	0.048	0.027
TNF	P01375	False	TNFA_HUMAN		CPI-SS072E1E27A	0.0	0.09	0.118	0.015	0.0	0.419	0.147	0.0	0.0	0.017	0.042	0.0	0.037	0.017
KIR2DL3	P43628	False	KI2L3_HUMAN		CPI-SS0917CBD53	0.0	0.0	0.0	0.0	0.0	0.0	0.023	0.0	0.0	0.0	0.0	0.0	0.0	0.0
VSTM1	Q6UX27	False	VSTM1_HUMAN		CPI-SS064281234	0.0	0.0	0.0	0.0	0.573	0.194	0.0	0.0	0.0	0.0	0.0	0.0	0.039	0.0
CD274	Q9NZQ7	False	PD1L1_HUMAN		CPI-SS08F13AD5C	0.0	0.0	0.0	0.014	0.0	0.0	0.0	0.0	0.0	0.002	0.005	0.0	0.0	0.0
NRG1	Q02297	False	NRG1_HUMAN		CPI-SS076BC3BA6	0.0	0.0	0.016	0.039	0.0	0.0	0.06	0.0	0.0	0.009	0.0	0.0	0.009	0.0
NRG1	Q02297	False	NRG1_HUMAN		CPI-SS09375CA29	0.0	0.0	0.016	0.039	0.0	0.0	0.06	0.0	0.0	0.009	0.0	0.0	0.009	0.0
NRG1	Q02297	False	NRG1_HUMAN		CPI-SS00A953C3A	0.0	0.0	0.016	0.039	0.0	0.0	0.06	0.0	0.0	0.009	0.0	0.0	0.009	0.0
NRG1	Q02297	False	NRG1_HUMAN		CPI-SS0BF9FA3F2	0.0	0.0	0.016	0.039	0.0	0.0	0.06	0.0	0.0	0.009	0.0	0.0	0.009	0.0
MIF	P14174	False	MIF_HUMAN		CPI-SS0ABC5C1B8	0.823	0.992	1.047	1.342	0.37	0.626	1.273	2.229	1.713	2.002	0.732	1.616	2.68	1.24
AREG	P15514	False	AREG_HUMAN		CPI-SS0D4C221B8	0.0	0.012	0.057	0.026	0.0	0.0	0.0	0.0	0.0	0.014	0.021	0.0	0.0	0.015
GRN	P28799	False	GRN_HUMAN		CPI-SS0DA033F03	1.386	0.0	0.113	0.049	3.355	2.256	0.07	0.0	0.224	0.078	0.013	1.915	0.027	0.135
GRN	P28799	False	GRN_HUMAN		CPI-SS054D158CC	1.386	0.0	0.113	0.049	3.355	2.256	0.07	0.0	0.224	0.078	0.013	1.915	0.027	0.135
GRN	P28799	False	GRN_HUMAN		CPI-SS0C4E86714	1.386	0.0	0.113	0.049	3.355	2.256	0.07	0.0	0.224	0.078	0.013	1.915	0.027	0.135
COPA	P53621	False	COPA_HUMAN		CPI-SS0302E8E8F	0.175	0.182	0.452	0.252	0.0	0.292	0.334	0.376	0.217	0.272	0.236	0.422	0.371	0.551
COPA	P53621	False	COPA_HUMAN		CPI-SS0E6E8A727	0.175	0.182	0.452	0.252	0.0	0.292	0.334	0.376	0.217	0.272	0.236	0.422	0.371	0.551
HBEGF	Q99075	False	HBEGF_HUMAN		CPI-SS0632A027A	0.0	0.0	0.041	0.012	0.0	0.069	0.0	0.0	0.0	0.018	0.013	0.018	0.0	0.0
HBEGF	Q99075	False	HBEGF_HUMAN		CPI-SS03098AC28	0.0	0.0	0.041	0.012	0.0	0.069	0.0	0.0	0.0	0.018	0.013	0.018	0.0	0.0
TNFSF13B	Q9Y275	False	TN13B_HUMAN		CPI-SS05D23BCE8	0.165	0.062	0.088	0.072	0.449	0.737	0.16	0.0	0.0	0.099	0.068	0.618	0.126	0.0
TNFSF13B	Q9Y275	False	TN13B_HUMAN		CPI-SS03C51D352	0.165	0.062	0.088	0.072	0.449	0.737	0.16	0.0	0.0	0.099	0.068	0.618	0.126	0.0
TNFSF13B	Q9Y275	False	TN13B_HUMAN		CPI-SS03133B4F2	0.165	0.062	0.088	0.072	0.449	0.737	0.16	0.0	0.0	0.099	0.068	0.618	0.126	0.0
TNFSF13B	Q9Y275	False	TN13B_HUMAN		CPI-SS0E2863F09	0.165	0.062	0.088	0.072	0.449	0.737	0.16	0.0	0.0	0.099	0.068	0.618	0.126	0.0
APP	P05067	False	A4_HUMAN		CPI-SS09808DEAE	0.0	0.0	0.296	0.256	0.0	0.114	0.142	0.0	0.0	0.231	0.049	0.14	0.053	0.091
SPN	P16150	False	LEUK_HUMAN		CPI-SS09C4FCB90	0.479	1.793	2.412	2.066	0.0	0.618	1.566	0.333	1.949	2.073	0.737	0.813	2.343	1.503
ITGAL	P20701	False	ITAL_HUMAN		CPI-SS0E9A581F8	0.575	0.864	0.127	0.052	0.225	0.403	1.065	0.245	0.0	0.055	0.347	0.44	0.005	0.06
FASLG	P48023	False	TNFL6_HUMAN		CPI-SS0A4F27388	0.0	0.0	0.0	0.0	0.0	0.0	0.018	0.0	0.0	0.0	0.0	0.0	0.0	0.0
FASLG	P48023	False	TNFL6_HUMAN		CPI-SS0049FD74F	0.0	0.0	0.0	0.0	0.0	0.0	0.018	0.0	0.0	0.0	0.0	0.0	0.0	0.0
FASLG	P48023	False	TNFL6_HUMAN		CPI-SS03A0C857B	0.0	0.0	0.0	0.0	0.0	0.0	0.018	0.0	0.0	0.0	0.0	0.0	0.0	0.0
GPI	P06744	False	G6PI_HUMAN		CPI-SS0B1AB068C	0.159	0.149	0.03	0.124	0.225	0.024	0.22	0.297	0.084	0.118	0.101	0.12	0.259	0.131
NAMPT	P43490	False	NAMPT_HUMAN		CPI-SS0391D4602	0.0	0.0	0.04	0.072	1.244	0.538	0.14	0.157	0.185	0.057	0.086	0.22	0.177	0.05
NAMPT	P43490	False	NAMPT_HUMAN		CPI-SS00A6D366F	0.0	0.0	0.04	0.072	1.244	0.538	0.14	0.157	0.185	0.057	0.086	0.22	0.177	0.05
AIMP1	Q12904	False	AIMP1_HUMAN		CPI-SS05D1A6BEF	0.0	0.342	0.346	0.413	0.0	0.29	0.247	0.585	0.452	0.357	0.406	0.262	0.492	0.389
NRG4	Q8WWG1	False	NRG4_HUMAN		CPI-SS074CF011C	0.0	0.103	0.032	0.025	0.0	0.0	0.06	0.0	0.0	0.015	0.0	0.0	0.009	0.0
VSIR	Q9H7M9	False	GI24_HUMAN		CPI-SS03FA58286	0.131	0.513	0.139	0.29	0.37	1.563	0.52	0.0	0.35	0.302	0.177	0.719	0.182	0.268
LILRB2	Q8N423	False	LIRB2_HUMAN		CPI-SS0A76A8E97	0.0	0.0	0.0	0.002	1.446	1.664	0.023	0.0	0.0	0.007	0.0	0.123	0.009	0.0
LILRB2	Q8N423	False	LIRB2_HUMAN		CPI-SS0EAB03260	0.0	0.0	0.0	0.002	1.446	1.664	0.023	0.0	0.0	0.007	0.0	0.123	0.009	0.0
LILRB1	Q8NHL6	False	LIRB1_HUMAN		CPI-SS00150FB64	0.0	0.089	0.0	0.0	0.335	0.837	0.127	0.0	0.0	0.002	0.0	0.765	0.0	0.078
CCR5	P51681	False	CCR5_HUMAN		CPI-SS0B01D306C	0.0	0.269	0.0	0.005	0.0	0.172	0.132	0.0	0.0	0.0	0.027	0.094	0.0	0.0
SLC7A1	P30825	False	CTR1_HUMAN		CPI-SS03105D292	0.0	0.131	0.045	0.106	0.0	0.024	0.052	0.131	0.217	0.12	0.066	0.018	0.094	0.119
IDE	P14735	False	IDE_HUMAN		CPI-SS0A3569604	0.181	0.0	0.063	0.106	0.0	0.0	0.062	0.131	0.131	0.136	0.072	0.0	0.131	0.399
IGF1R	P08069	False	IGF1R_HUMAN		CPI-SS0579FA162	0.0	0.103	0.0	0.037	0.0	0.0	0.066	0.0	0.0	0.024	0.096	0.0	0.071	0.098
IGF1R	P08069	False	IGF1R_HUMAN		CPI-SS0E41702C1	0.0	0.103	0.0	0.037	0.0	0.0	0.066	0.0	0.0	0.024	0.096	0.0	0.071	0.098
IGF2R	P11717	False	MPRI_HUMAN		CPI-SS042A6F835	0.165	0.098	0.041	0.041	1.333	0.506	0.415	0.262	0.0	0.018	0.125	0.188	0.003	0.045
SORT1	Q99523	False	SORT_HUMAN		CPI-SS09A36B221	0.0	0.0	0.137	0.109	0.0	0.679	0.008	0.0	0.592	0.112	0.044	0.43	0.259	0.033
SORT1	Q99523	False	SORT_HUMAN		CPI-SS07CCAD9BF	0.0	0.0	0.137	0.109	0.0	0.679	0.008	0.0	0.592	0.112	0.044	0.43	0.259	0.033
SORT1	Q99523	False	SORT_HUMAN		CPI-SS04F3A1E5C	0.0	0.0	0.137	0.109	0.0	0.679	0.008	0.0	0.592	0.112	0.044	0.43	0.259	0.033
F11R	Q9Y624	False	JAM1_HUMAN		CPI-SS03F0B666C	0.0	0.0	0.575	0.353	3.182	0.688	0.137	0.131	0.258	0.278	0.055	0.235	0.175	0.125
CD200R1	Q8TD46	False	MO2R1_HUMAN		CPI-SS0A9E884E0	0.0	0.0	0.032	0.0	0.0	0.108	0.038	0.0	0.0	0.0	0.026	0.0	0.0	0.0
CLEC2D	Q9UHP7	False	CLC2D_HUMAN		CPI-SS0E292C126	0.285	0.633	0.697	0.461	0.335	0.191	1.449	1.923	0.362	0.434	1.178	0.391	0.366	0.608
CLEC2D	Q9UHP7	False	CLC2D_HUMAN		CPI-SS02A0FF87F	0.285	0.633	0.697	0.461	0.335	0.191	1.449	1.923	0.362	0.434	1.178	0.391	0.366	0.608
DAG1	Q14118	False	DAG1_HUMAN		CPI-SS0F8EFEECF	0.0	0.101	0.04	0.013	0.0	0.0	0.004	0.0	0.0	0.01	0.035	0.0	0.008	0.042
DAG1	Q14118	False	DAG1_HUMAN		CPI-SS0BD9F32BA	0.0	0.101	0.04	0.013	0.0	0.0	0.004	0.0	0.0	0.01	0.035	0.0	0.008	0.042
NOTCH1	P46531	False	NOTC1_HUMAN		CPI-SS02EBC1BB0	0.0	0.071	0.109	0.051	0.0	0.0	0.061	0.0	0.0	0.05	0.03	0.054	0.012	0.01
NOTCH1	P46531	False	NOTC1_HUMAN		CPI-SS04A5D6B6F	0.0	0.071	0.109	0.051	0.0	0.0	0.061	0.0	0.0	0.05	0.03	0.054	0.012	0.01
SEMA4C	Q9C0C4	False	SEM4C_HUMAN		CPI-SS0B81F1BF5	0.0	0.0	0.0	0.011	0.0	0.0	0.032	0.0	0.0	0.002	0.013	0.0	0.0	0.049
SEMA4C	Q9C0C4	False	SEM4C_HUMAN		CPI-SS0AB21032D	0.0	0.0	0.0	0.011	0.0	0.0	0.032	0.0	0.0	0.002	0.013	0.0	0.0	0.049
ICOS	Q9Y6W8	False	ICOS_HUMAN		CPI-SS03B8E2D7A	0.0	0.155	0.0	0.0	0.0	0.0	0.062	0.0	0.0	0.002	0.143	0.0	0.0	0.017
TNFRSF1A	P19438	False	TNR1A_HUMAN		CPI-SS04B4619D0	0.0	0.084	0.194	0.198	0.0	0.526	0.153	0.166	0.0	0.188	0.035	0.232	0.135	0.072
TNFRSF1A	P19438	False	TNR1A_HUMAN		CPI-SS084BE3E4B	0.0	0.084	0.194	0.198	0.0	0.526	0.153	0.166	0.0	0.188	0.035	0.232	0.135	0.072
TNFRSF1A	P19438	False	TNR1A_HUMAN		CPI-SS0F9B3B259	0.0	0.084	0.194	0.198	0.0	0.526	0.153	0.166	0.0	0.188	0.035	0.232	0.135	0.072
FAS	P25445	False	TNR6_HUMAN		CPI-SS08B7D54A3	0.0	0.171	0.04	0.018	0.0	0.151	0.179	0.0	0.0	0.019	0.136	0.0	0.01	0.009
FAS	P25445	False	TNR6_HUMAN		CPI-SS0A83A7E30	0.0	0.171	0.04	0.018	0.0	0.151	0.179	0.0	0.0	0.019	0.136	0.0	0.01	0.009
TNFRSF1B	P20333	False	TNR1B_HUMAN		CPI-SS0E7D5974D	0.191	0.452	0.126	0.181	1.043	1.245	0.614	0.0	0.522	0.143	0.205	0.93	0.026	0.127
TNFRSF1B	P20333	False	TNR1B_HUMAN		CPI-SS07D9A48A2	0.191	0.452	0.126	0.181	1.043	1.245	0.614	0.0	0.522	0.143	0.205	0.93	0.026	0.127
RIPK1	Q13546	False	RIPK1_HUMAN		CPI-SS048A2311A	0.768	0.307	0.227	0.18	0.0	0.0	0.283	0.0	0.092	0.116	0.259	0.155	0.109	0.334
RIPK1	Q13546	False	RIPK1_HUMAN		CPI-SS0D5C54214	0.768	0.307	0.227	0.18	0.0	0.0	0.283	0.0	0.092	0.116	0.259	0.155	0.109	0.334
RIPK1	Q13546	False	RIPK1_HUMAN		CPI-SS0DEDA3567	0.768	0.307	0.227	0.18	0.0	0.0	0.283	0.0	0.092	0.116	0.259	0.155	0.109	0.334
CELSR2	Q9HCU4	False	CELR2_HUMAN		CPI-SS034B442CE	0.0	0.0	0.137	0.0	0.0	0.0	0.0	0.0	0.0	0.0	0.0	0.0	0.0	0.034
TNFSF13	O75888	False	TNF13_HUMAN		CPI-SS0DCA69916	0.462	0.0	0.05	0.092	0.335	0.309	0.0	0.0	0.0	0.066	0.012	0.112	0.036	0.0
BDNF	P23560	False	BDNF_HUMAN		CPI-SS01BCB9360	0.0	0.0	0.04	0.023	0.0	0.0	0.0	0.0	0.0	0.001	0.0	0.0	0.037	0.0
IL24	Q13007	False	IL24_HUMAN		CPI-SS07D71C546	0.0	0.089	0.0	0.005	0.0	0.0	0.0	0.0	0.0	0.0	0.026	0.0	0.0	0.0
DLL4	Q9NR61	False	DLL4_HUMAN		CPI-SS027CDEA08	0.0	0.0	0.159	0.0	0.0	0.0	0.0	0.0	0.0	0.003	0.006	0.0	0.0	0.0
DLL4	Q9NR61	False	DLL4_HUMAN		CPI-SS012B7C21D	0.0	0.0	0.159	0.0	0.0	0.0	0.0	0.0	0.0	0.003	0.006	0.0	0.0	0.0
DLL4	Q9NR61	False	DLL4_HUMAN		CPI-SS00D153A8A	0.0	0.0	0.159	0.0	0.0	0.0	0.0	0.0	0.0	0.003	0.006	0.0	0.0	0.0
JAG1	P78504	False	JAG1_HUMAN		CPI-SS0B87FE6E0	0.0	0.0	0.028	0.036	0.0	0.086	0.0	0.0	0.0	0.024	0.01	0.0	0.039	0.003
JAG1	P78504	False	JAG1_HUMAN		CPI-SS01A07768A	0.0	0.0	0.028	0.036	0.0	0.086	0.0	0.0	0.0	0.024	0.01	0.0	0.039	0.003
DLK1	P80370	False	DLK1_HUMAN		CPI-SS0A34EE366	0.0	0.0	0.0	0.023	0.0	0.0	0.056	0.0	0.0	0.004	0.0	0.018	0.017	0.0
CCR2	P41597	False	CCR2_HUMAN		CPI-SS0CF0E4DE9	0.0	0.054	0.0	0.006	0.37	0.307	0.0	0.0	0.0	0.005	0.015	0.0	0.0	0.0
CCR1	P32246	False	CCR1_HUMAN		CPI-SS0A021DB6E	0.0	0.0	0.0	0.003	1.075	0.261	0.035	0.0	0.0	0.001	0.0	0.53	0.034	0.0
ACKR4	Q9NPB9	False	ACKR4_HUMAN		CPI-SS0F3BF2B34	0.0	0.0	0.0	0.006	0.0	0.0	0.036	0.0	0.0	0.018	0.0	0.0	0.074	0.0
DPP4	P27487	False	DPP4_HUMAN		CPI-SS0AEC33FF1	0.0	0.193	0.0	0.015	0.0	0.0	0.041	0.0	0.0	0.01	0.351	0.0	0.0	0.02
DPP4	P27487	False	DPP4_HUMAN		CPI-SS0CC738ABC	0.0	0.193	0.0	0.015	0.0	0.0	0.041	0.0	0.0	0.01	0.351	0.0	0.0	0.02
DPP4	P27487	False	DPP4_HUMAN		CPI-SS0CDAC688B	0.0	0.193	0.0	0.015	0.0	0.0	0.041	0.0	0.0	0.01	0.351	0.0	0.0	0.02
CXCR3	P49682	False	CXCR3_HUMAN		CPI-SS01A6823FA	0.0	0.09	0.0	0.0	0.0	0.0	0.02	0.0	0.0	0.0	0.02	0.0	0.0	0.0
CXCR3	P49682	False	CXCR3_HUMAN		CPI-SS09FAC4977	0.0	0.09	0.0	0.0	0.0	0.0	0.02	0.0	0.0	0.0	0.02	0.0	0.0	0.0
CXCR2	P25025	False	CXCR2_HUMAN		CPI-SS08102DC9E	0.0	0.0	0.04	0.003	0.0	0.0	0.123	0.0	0.0	0.001	0.0	0.0	0.0	0.0
CXCR2	P25025	False	CXCR2_HUMAN		CPI-SS0315F51DD	0.0	0.0	0.04	0.003	0.0	0.0	0.123	0.0	0.0	0.001	0.0	0.0	0.0	0.0
CXCR2	P25025	False	CXCR2_HUMAN		CPI-SS0F562FEA5	0.0	0.0	0.04	0.003	0.0	0.0	0.123	0.0	0.0	0.001	0.0	0.0	0.0	0.0
CXCR2	P25025	False	CXCR2_HUMAN		CPI-SS0C491A3C1	0.0	0.0	0.04	0.003	0.0	0.0	0.123	0.0	0.0	0.001	0.0	0.0	0.0	0.0
CXCR2	P25025	False	CXCR2_HUMAN		CPI-SS09185EA8F	0.0	0.0	0.04	0.003	0.0	0.0	0.123	0.0	0.0	0.001	0.0	0.0	0.0	0.0
LRP1	Q07954	False	LRP1_HUMAN		CPI-SS0419B80C4	0.0	0.063	0.0	0.008	0.573	0.456	0.0	0.0	0.0	0.001	0.019	0.378	0.0	0.269
LRP1	Q07954	False	LRP1_HUMAN		CPI-SS02928C71A	0.0	0.063	0.0	0.008	0.573	0.456	0.0	0.0	0.0	0.001	0.019	0.378	0.0	0.269
LRP1	Q07954	False	LRP1_HUMAN		CPI-SS006C6537E	0.0	0.063	0.0	0.008	0.573	0.456	0.0	0.0	0.0	0.001	0.019	0.378	0.0	0.269
CD47	Q08722	False	CD47_HUMAN		CPI-SS014958F32	2.236	2.096	2.981	1.621	0.671	1.179	2.423	1.111	2.073	1.33	1.197	1.887	1.777	1.824
CD47	Q08722	False	CD47_HUMAN		CPI-SS0339AE950	2.236	2.096	2.981	1.621	0.671	1.179	2.423	1.111	2.073	1.33	1.197	1.887	1.777	1.824
PTPRK	Q15262	False	PTPRK_HUMAN		CPI-SS0A9FB762A	0.0	0.0	0.0	0.0	0.0	0.0	0.0	0.0	0.0	0.0	0.007	0.0	0.0	0.0
SLC1A5	Q15758	False	AAAT_HUMAN		CPI-SS002DF6C31	0.331	0.092	0.025	0.084	0.0	0.111	0.069	0.166	0.0	0.083	0.02	0.126	0.162	0.527
HAVCR2	Q8TDQ0	False	HAVR2_HUMAN		CPI-SS0E23CEB91	0.165	0.0	0.092	0.017	0.37	0.0	0.048	0.0	0.0	0.03	0.04	0.063	0.0	0.031
SORL1	Q92673	False	SORL_HUMAN		CPI-SS09C52F54E	0.181	0.47	0.681	0.504	0.0	0.844	1.086	0.0	0.382	0.44	0.601	0.424	0.117	0.108
SORL1	Q92673	False	SORL_HUMAN		CPI-SS083CBFACD	0.181	0.47	0.681	0.504	0.0	0.844	1.086	0.0	0.382	0.44	0.601	0.424	0.117	0.108
PDGFRB	P09619	False	PGFRB_HUMAN		CPI-SS05A26A1DE	0.0	0.0	0.0	0.04	0.0	0.0	0.046	0.0	0.0	0.036	0.0	0.0	0.0	0.0
PDGFRA	P16234	False	PGFRA_HUMAN		CPI-SS0FEEB187C	0.0	0.0	0.019	0.0	0.0	0.0	0.0	0.0	0.0	0.0	0.0	0.0	0.0	0.0
PDGFRA	P16234	False	PGFRA_HUMAN		CPI-SS0B70EB09E	0.0	0.0	0.019	0.0	0.0	0.0	0.0	0.0	0.0	0.0	0.0	0.0	0.0	0.0
FZD1	Q9UP38	False	FZD1_HUMAN		CPI-SS0E7523314	0.0	0.0	0.0	0.0	0.0	0.027	0.0	0.0	0.0	0.002	0.0	0.188	0.0	0.007
TNFSF10	P50591	False	TNF10_HUMAN		CPI-SS0179FBFD3	0.0	0.263	0.086	0.157	3.996	1.835	0.2	0.288	0.255	0.12	0.304	0.094	0.037	0.095
TNFSF10	P50591	False	TNF10_HUMAN		CPI-SS0898D7F7F	0.0	0.263	0.086	0.157	3.996	1.835	0.2	0.288	0.255	0.12	0.304	0.094	0.037	0.095
TNFSF10	P50591	False	TNF10_HUMAN		CPI-SS01ECFDA18	0.0	0.263	0.086	0.157	3.996	1.835	0.2	0.288	0.255	0.12	0.304	0.094	0.037	0.095
NCAM1	P13591	False	NCAM1_HUMAN		CPI-SS039799099	0.0	0.0	0.112	0.009	0.0	0.087	0.151	0.0	0.0	0.004	0.026	0.0	0.004	0.013
FGF7	P21781	False	FGF7_HUMAN		CPI-SS07833475A	0.0	0.0	0.04	0.016	0.0	0.0	0.029	0.0	0.0	0.006	0.018	0.0	0.0	0.013
FGF23	Q9GZV9	False	FGF23_HUMAN		CPI-SS07A0F4D73	0.0	0.342	0.183	0.161	0.0	0.0	0.184	0.0	0.452	0.098	0.116	0.357	0.094	0.081
FGF23	Q9GZV9	False	FGF23_HUMAN		CPI-SS0883B7EE4	0.0	0.342	0.183	0.161	0.0	0.0	0.184	0.0	0.452	0.098	0.116	0.357	0.094	0.081
EPHA4	P54764	False	EPHA4_HUMAN		CPI-SS0E63AB61E	0.0	0.0	0.0	0.0	0.0	0.0	0.08	0.0	0.0	0.003	0.105	0.0	0.0	0.0
EPHA4	P54764	False	EPHA4_HUMAN		CPI-SS0EBFE1854	0.0	0.0	0.0	0.0	0.0	0.0	0.08	0.0	0.0	0.003	0.105	0.0	0.0	0.0
EPHA4	P54764	False	EPHA4_HUMAN		CPI-SS0659DBE72	0.0	0.0	0.0	0.0	0.0	0.0	0.08	0.0	0.0	0.003	0.105	0.0	0.0	0.0
EPHA4	P54764	False	EPHA4_HUMAN		CPI-SS0FC01B947	0.0	0.0	0.0	0.0	0.0	0.0	0.08	0.0	0.0	0.003	0.105	0.0	0.0	0.0
EPHA4	P54764	False	EPHA4_HUMAN		CPI-SS087E0E3FB	0.0	0.0	0.0	0.0	0.0	0.0	0.08	0.0	0.0	0.003	0.105	0.0	0.0	0.0
EPHA4	P54764	False	EPHA4_HUMAN		CPI-SS0D1AE5C79	0.0	0.0	0.0	0.0	0.0	0.0	0.08	0.0	0.0	0.003	0.105	0.0	0.0	0.0
NOTCH2	Q04721	False	NOTC2_HUMAN		CPI-SS0423580E5	0.0	0.245	0.337	0.081	0.0	0.579	0.046	0.0	0.0	0.053	0.022	0.178	0.175	0.065
NOTCH2	Q04721	False	NOTC2_HUMAN		CPI-SS060B82BBC	0.0	0.245	0.337	0.081	0.0	0.579	0.046	0.0	0.0	0.053	0.022	0.178	0.175	0.065
NOTCH2	Q04721	False	NOTC2_HUMAN		CPI-SS0E1A8414D	0.0	0.245	0.337	0.081	0.0	0.579	0.046	0.0	0.0	0.053	0.022	0.178	0.175	0.065
NOTCH4	Q99466	False	NOTC4_HUMAN		CPI-SS0FB5FE587	0.206	0.103	0.063	0.024	0.0	0.19	0.0	0.0	0.0	0.007	0.0	0.0	0.002	0.0
NOTCH4	Q99466	False	NOTC4_HUMAN		CPI-SS0837E9F59	0.206	0.103	0.063	0.024	0.0	0.19	0.0	0.0	0.0	0.007	0.0	0.0	0.002	0.0
NOTCH4	Q99466	False	NOTC4_HUMAN		CPI-SS0D37C7C70	0.206	0.103	0.063	0.024	0.0	0.19	0.0	0.0	0.0	0.007	0.0	0.0	0.002	0.0
SEMA4D	Q92854	False	SEM4D_HUMAN		CPI-SS08FAC0A55	0.557	0.636	0.22	0.13	0.47	0.145	0.78	0.131	0.141	0.126	0.446	0.018	0.098	0.042
SEMA4D	Q92854	False	SEM4D_HUMAN		CPI-SS0CCCF7C69	0.557	0.636	0.22	0.13	0.47	0.145	0.78	0.131	0.141	0.126	0.446	0.018	0.098	0.042
TNFRSF14	Q92956	False	TNR14_HUMAN		CPI-SS0110361CB	0.29	0.291	0.107	0.198	0.0	0.087	0.271	0.49	0.0	0.086	0.33	0.273	0.115	0.07
TNFRSF14	Q92956	False	TNR14_HUMAN		CPI-SS0C28FEC7D	0.29	0.291	0.107	0.198	0.0	0.087	0.271	0.49	0.0	0.086	0.33	0.273	0.115	0.07
TNFRSF14	Q92956	False	TNR14_HUMAN		CPI-SS019C98396	0.29	0.291	0.107	0.198	0.0	0.087	0.271	0.49	0.0	0.086	0.33	0.273	0.115	0.07
TNFRSF14	Q92956	False	TNR14_HUMAN		CPI-SS0879B8E95	0.29	0.291	0.107	0.198	0.0	0.087	0.271	0.49	0.0	0.086	0.33	0.273	0.115	0.07
TNFRSF14	Q92956	False	TNR14_HUMAN		CPI-SS02ACCF1F7	0.29	0.291	0.107	0.198	0.0	0.087	0.271	0.49	0.0	0.086	0.33	0.273	0.115	0.07
TNFRSF14	Q92956	False	TNR14_HUMAN		CPI-SS08330207B	0.29	0.291	0.107	0.198	0.0	0.087	0.271	0.49	0.0	0.086	0.33	0.273	0.115	0.07
TNFRSF17	Q02223	False	TNR17_HUMAN		CPI-SS0B89DD8C1	0.0	0.0	0.0	0.0	0.0	0.0	0.0	0.529	0.0	0.0	0.0	0.0	0.0	0.0
TNFRSF10D	Q9UBN6	False	TR10D_HUMAN		CPI-SS095E52E66	0.0	0.206	0.024	0.028	0.0	0.027	0.0	0.0	0.0	0.011	0.048	0.0	0.0	0.0
TNFRSF10D	Q9UBN6	False	TR10D_HUMAN		CPI-SS059EEFDC6	0.0	0.206	0.024	0.028	0.0	0.027	0.0	0.0	0.0	0.011	0.048	0.0	0.0	0.0
EPHA3	P29320	False	EPHA3_HUMAN		CPI-SS0C875BA24	0.0	0.0	0.0	0.0	0.0	0.0	0.0	0.0	0.0	0.002	0.0	0.0	0.0	0.0
EPHA3	P29320	False	EPHA3_HUMAN		CPI-SS09CA492BA	0.0	0.0	0.0	0.0	0.0	0.0	0.0	0.0	0.0	0.002	0.0	0.0	0.0	0.0
CCL2	P13500	False	CCL2_HUMAN		CPI-SS03165AD8C	0.0	0.0	0.0	0.0	0.0	0.081	0.0	0.0	0.0	0.0	0.0	0.0	0.0	0.0
CCL5	P13501	False	CCL5_HUMAN		CPI-SS0AE4CF4E7	0.0	6.48	0.0	0.053	0.0	0.0	6.706	0.499	0.0	0.04	0.29	0.0	0.063	0.344
CCL5	P13501	False	CCL5_HUMAN		CPI-SS0DA291AD9	0.0	6.48	0.0	0.053	0.0	0.0	6.706	0.499	0.0	0.04	0.29	0.0	0.063	0.344
CCL8	P80075	False	CCL8_HUMAN		CPI-SS0BE8BE8E9	0.0	0.0	0.0	0.0	0.0	0.0	0.0	0.0	0.0	0.0	0.0	0.284	0.0	0.0
CCL8	P80075	False	CCL8_HUMAN		CPI-SS09AFCF898	0.0	0.0	0.0	0.0	0.0	0.0	0.0	0.0	0.0	0.0	0.0	0.284	0.0	0.0
CCL8	P80075	False	CCL8_HUMAN		CPI-SS0F8C2FA91	0.0	0.0	0.0	0.0	0.0	0.0	0.0	0.0	0.0	0.0	0.0	0.284	0.0	0.0
CCL8	P80075	False	CCL8_HUMAN		CPI-SS0DFAF1FE2	0.0	0.0	0.0	0.0	0.0	0.0	0.0	0.0	0.0	0.0	0.0	0.284	0.0	0.0
CCL28	Q9NRJ3	False	CCL28_HUMAN		CPI-SS091B461CB	0.0	0.058	0.108	0.076	0.0	0.0	0.061	0.245	0.0	0.065	0.12	0.0	0.023	0.017
SELL	P14151	False	LYAM1_HUMAN		CPI-SS08920B6FF	0.785	0.966	0.534	0.366	2.648	1.081	1.273	0.63	1.026	0.37	1.383	0.0	0.059	0.057
ERBB4	Q15303	False	ERBB4_HUMAN		CPI-SS0FC42EC80	0.0	0.0	0.0	0.002	0.0	0.0	0.0	0.0	0.0	0.004	0.0	0.0	0.0	0.0
ERBB4	Q15303	False	ERBB4_HUMAN		CPI-SS0BD5C2A23	0.0	0.0	0.0	0.002	0.0	0.0	0.0	0.0	0.0	0.004	0.0	0.0	0.0	0.0
LSR	Q86X29	False	LSR_HUMAN		CPI-SS0708FE6FF	0.0	0.0	0.0	0.008	0.0	0.0	0.0	0.0	0.0	0.008	0.011	0.0	0.02	0.0
NETO2	Q8NC67	False	NETO2_HUMAN		CPI-SS0E075E5AF	0.0	0.0	0.0	0.002	0.0	0.045	0.043	0.0	0.0	0.018	0.016	0.0	0.01	0.016
MS4A4A	Q96JQ5	False	M4A4A_HUMAN		CPI-SS0978D28AB	0.0	0.0	0.0	0.0	0.0	0.027	0.0	0.0	0.0	0.008	0.0	0.473	0.0	0.0
BAG6	P46379	False	BAG6_HUMAN		CPI-SS027AFFC0E	0.246	0.254	0.288	0.158	0.0	0.024	0.107	0.454	0.24	0.101	0.102	0.063	0.204	0.131
NCR3LG1	Q68D85	False	NR3L1_HUMAN		CPI-SS0F94547B2	0.0	0.0	0.103	0.004	0.0	0.0	0.0	0.0	0.0	0.008	0.018	0.0	0.0	0.0
ARF1	P84077	False	ARF1_HUMAN		CPI-SS06A999D25	1.249	0.657	0.638	0.923	3.147	1.469	1.141	0.987	0.489	0.924	0.485	0.883	0.71	1.369
PLXND1	Q9Y4D7	False	PLXD1_HUMAN		CPI-SS044C72D0D	0.181	0.087	0.427	0.392	0.0	0.183	0.036	0.0	0.0	0.299	0.053	0.261	0.221	0.042
TEK	Q02763	False	TIE2_HUMAN		CPI-SS0BAB460FF	0.0	0.0	0.032	0.0	0.0	0.0	0.0	0.0	0.0	0.0	0.0	0.0	0.0	0.0
EFNB2	P52799	False	EFNB2_HUMAN		CPI-SS090FC28E1	0.0	0.0	0.089	0.0	0.0	0.0	0.0	0.0	0.0	0.0	0.0	0.0	0.0	0.0
EPHB4	P54760	False	EPHB4_HUMAN		CPI-SS08D0F9109	0.0	0.0	0.0	0.0	0.0	0.0	0.0	0.0	0.0	0.012	0.011	0.0	0.0	0.024
EFNA5	P52803	False	EFNA5_HUMAN		CPI-SS0BEAB521F	0.0	0.197	0.089	0.087	0.0	0.0	0.0	0.0	0.097	0.038	0.08	0.049	0.021	0.055
EPHB3	P54753	False	EPHB3_HUMAN		CPI-SS082ABF1EA	0.0	0.0	0.0	0.0	0.0	0.15	0.0	0.0	0.0	0.0	0.0	0.0	0.0	0.0
EFNA4	P52798	False	EFNA4_HUMAN		CPI-SS041888D39	0.0	0.0	0.0	0.007	0.37	0.0	0.026	0.0	0.0	0.005	0.005	0.045	0.0	0.0
IL16	Q14005	False	IL16_HUMAN		CPI-SS070B0E458	0.916	0.523	0.123	0.191	0.0	0.325	0.42	0.752	0.0	0.153	0.4	0.234	0.05	0.027
SIRPA	P78324	False	SHPS1_HUMAN		CPI-SS068C129D6	0.0	0.0	0.0	0.003	0.335	0.759	0.0	0.0	0.0	0.013	0.0	0.084	0.0	0.0
CEACAM8	P31997	False	CEAM8_HUMAN		CPI-SS0CCDBBBC0	0.0	0.0	0.09	0.0	0.0	0.0	0.023	0.0	0.0	0.0	0.007	0.0	0.0	0.0
GHRL	Q9UBU3	False	GHRL_HUMAN		CPI-SS042EB8C7A	0.0	0.0	0.0	0.0	0.0	0.058	0.0	0.0	0.0	0.001	0.0	0.0	0.0	0.0
GHRL	Q9UBU3	False	GHRL_HUMAN		CPI-SS05D406038	0.0	0.0	0.0	0.0	0.0	0.058	0.0	0.0	0.0	0.001	0.0	0.0	0.0	0.0
TNFRSF25	Q93038	False	TNR25_HUMAN		CPI-SS079DDF890	0.0	0.247	0.12	0.09	0.0	0.163	0.067	0.0	0.0	0.078	0.18	0.089	0.109	0.034
TNFRSF25	Q93038	False	TNR25_HUMAN		CPI-SS0B0CF0EDF	0.0	0.247	0.12	0.09	0.0	0.163	0.067	0.0	0.0	0.078	0.18	0.089	0.109	0.034
CKLF	Q9UBR5	False	CKLF_HUMAN		CPI-SS05B1FA8A8	0.68	0.462	0.032	0.146	0.886	0.283	0.229	0.131	0.391	0.13	0.262	0.235	0.084	0.149
P2RY6	Q15077	False	P2RY6_HUMAN		CPI-SS065F7DA2A	0.0	0.0	0.0	0.002	0.0	0.086	0.0	0.0	0.0	0.002	0.0	0.0	0.009	0.0
P2RY6	Q15077	False	P2RY6_HUMAN		CPI-SS09A3FA737	0.0	0.0	0.0	0.002	0.0	0.086	0.0	0.0	0.0	0.002	0.0	0.0	0.009	0.0
ENTPD1	P49961	False	ENTP1_HUMAN		CPI-SS03E273233	0.0	0.145	0.401	0.148	0.0	0.118	0.087	0.795	0.0	0.132	0.07	0.0	0.285	0.146
ENTPD1	P49961	False	ENTP1_HUMAN		CPI-SS0FF6CFDCA	0.0	0.145	0.401	0.148	0.0	0.118	0.087	0.795	0.0	0.132	0.07	0.0	0.285	0.146
C5AR1	P21730	False	C5AR1_HUMAN		CPI-SS00581282E	0.0	0.0	0.075	0.0	0.573	1.452	0.048	0.0	0.0	0.004	0.0	0.095	0.005	0.0
ADRB2	P07550	False	ADRB2_HUMAN		CPI-SS0C6448B94	0.0	0.068	0.04	0.012	0.886	0.0	0.264	0.0	0.0	0.007	0.054	0.054	0.0	0.0
CEACAM5	P06731	False	CEAM5_HUMAN		CPI-SS0C1F25516	0.0	0.0	0.077	0.0	0.0	0.0	0.0	0.0	0.0	0.0	0.015	0.054	0.005	0.0
FPR1	P21462	False	FPR1_HUMAN		CPI-SS0F739D3DB	0.0	0.0	0.0	0.002	1.006	0.654	0.0	0.0	0.0	0.0	0.0	0.0	0.0	0.0
RXFP1	Q9HBX9	False	RXFP1_HUMAN		CPI-SS0FAE75A75	0.0	0.0	0.0	0.005	0.0	0.338	0.0	0.0	0.0	0.016	0.0	0.0	0.0	0.0
TNFRSF9	Q07011	False	TNR9_HUMAN		CPI-SS0431D2256	0.0	0.14	0.022	0.018	0.0	0.0	0.008	0.0	0.0	0.005	0.005	0.0	0.0	0.0
ADGRG5	Q8IZF4	False	AGRG5_HUMAN		CPI-SS047CD2E9F	0.0	0.012	0.125	0.119	0.0	0.076	0.051	0.0	0.143	0.094	0.007	0.049	0.004	0.061
CD58	P19256	False	LFA3_HUMAN		CPI-SS00B1BEE64	0.0	0.221	0.055	0.055	0.0	0.382	0.181	0.0	0.0	0.044	0.042	0.272	0.05	0.432
CEACAM1	P13688	False	CEAM1_HUMAN		CPI-SS0B537DD3F	0.0	0.0	0.0	0.0	0.886	0.0	0.006	0.0	0.0	0.005	0.0	0.0	0.0	0.0
CD1D	P15813	False	CD1D_HUMAN		CPI-SS0AC66088D	0.381	0.0	0.0	0.0	0.0	0.243	0.0	0.0	0.0	0.001	0.0	0.0	0.004	0.0
AXL	P30530	False	UFO_HUMAN		CPI-SS0C85BC9AF	0.0	0.0	0.063	0.005	0.0	0.0	0.0	0.0	0.0	0.012	0.02	0.0	0.012	0.005
CSF1	P09603	False	CSF1_HUMAN		CPI-SS0B01CF3AB	0.0	0.089	0.161	0.005	0.0	0.0	0.0	0.0	0.0	0.006	0.0	0.0	0.108	0.13
ADGRE5	P48960	False	CD97_HUMAN		CPI-SS061A7E099	0.175	0.483	0.368	0.168	0.0	0.706	0.444	0.166	0.084	0.137	0.209	0.183	0.125	0.025
MRC1	P22897	False	MRC1_HUMAN		CPI-SS0822AEF5F	0.0	0.0	0.0	0.014	0.0	0.155	0.019	0.0	0.0	0.03	0.0	0.536	0.01	0.0
CD244	Q9BZW8	False	CD244_HUMAN		CPI-SS056FF4363	0.356	0.0	0.228	0.245	0.0	0.085	0.191	0.0	0.567	0.172	0.009	0.123	0.12	0.055
PDGFD	Q9GZP0	False	PDGFD_HUMAN		CPI-SS0D954EA1C	0.0	0.0	0.077	0.0	0.0	0.0	0.062	0.0	0.0	0.006	0.0	0.0	0.006	0.0
ALOX5AP	P20292	False	AL5AP_HUMAN		CPI-SS080611C5B	0.431	0.105	0.0	0.004	1.222	0.47	0.198	0.0	0.0	0.003	0.145	0.0	0.0	0.0
CD80	P33681	False	CD80_HUMAN		CPI-SS07327E587	0.0	0.0	0.0	0.003	0.0	0.0	0.0	0.0	0.0	0.002	0.0	0.0	0.0	0.0
CD80	P33681	False	CD80_HUMAN		CPI-SS0320FFAFC	0.0	0.0	0.0	0.003	0.0	0.0	0.0	0.0	0.0	0.002	0.0	0.0	0.0	0.0
CD86	P42081	False	CD86_HUMAN		CPI-SS077D7365D	0.16	0.0	0.0	0.016	0.335	0.322	0.004	0.314	0.0	0.0	0.0	0.0	0.0	0.0
CD86	P42081	False	CD86_HUMAN		CPI-SS0B0E09B1C	0.16	0.0	0.0	0.016	0.335	0.322	0.004	0.314	0.0	0.0	0.0	0.0	0.0	0.0
CD34	P28906	False	CD34_HUMAN		CPI-SS0EB5AEC83	0.562	0.478	1.216	1.556	0.0	0.153	0.361	0.0	0.758	1.291	0.059	0.378	0.507	0.145
CD34	P28906	False	CD34_HUMAN		CPI-SS015E1E2C6	0.562	0.478	1.216	1.556	0.0	0.153	0.361	0.0	0.758	1.291	0.059	0.378	0.507	0.145
SELPLG	Q14242	False	SELPL_HUMAN		CPI-SS087321EB5	0.0	0.296	0.085	0.122	0.0	0.21	0.548	0.853	0.224	0.122	0.386	0.515	0.039	0.081
SELPLG	Q14242	False	SELPL_HUMAN		CPI-SS02B7540B0	0.0	0.296	0.085	0.122	0.0	0.21	0.548	0.853	0.224	0.122	0.386	0.515	0.039	0.081
CD24	P25063	False	CD24_HUMAN		CPI-SS06ABF2F5A	1.132	0.0	0.0	0.018	0.0	0.0	0.0	0.0	0.0	0.007	0.0	0.0	0.0	0.0
PILRA	Q9UKJ1	False	PILRA_HUMAN		CPI-SS01560CA22	0.331	0.0	0.0	0.0	0.225	0.413	0.0	0.0	0.0	0.0	0.0	0.0	0.0	0.0
SIGLEC1	Q9BZZ2	False	SN_HUMAN		CPI-SS02A170A99	0.0	0.0	0.0	0.002	0.37	0.138	0.0	0.0	0.0	0.001	0.0	0.095	0.0	0.0
PDGFC	Q9NRA1	False	PDGFC_HUMAN		CPI-SS03CC15FF3	0.0	0.103	0.05	0.091	0.0	0.0	0.0	0.0	0.143	0.052	0.0	0.0	0.023	0.062
CD38	P28907	False	CD38_HUMAN		CPI-SS0E0DEA7D5	0.146	0.079	0.211	0.182	0.0	0.0	0.214	0.647	0.473	0.173	0.057	0.284	0.161	0.11
RPS19	P39019	False	RS19_HUMAN		CPI-SS01946BE5C	8.279	7.406	9.153	9.925	5.101	5.692	8.773	5.491	9.662	9.83	10.506	7.678	8.772	7.58
ALCAM	Q13740	False	CD166_HUMAN		CPI-SS08991B378	0.0	0.158	0.179	0.189	0.449	0.446	0.125	0.0	0.0	0.186	0.08	0.399	0.294	0.152
GAS6	Q14393	False	GAS6_HUMAN		CPI-SS03A4F7DC8	0.0	0.0	0.0	0.021	0.0	0.0	0.0	0.131	0.0	0.007	0.005	0.0	0.0	0.0
GAS6	Q14393	False	GAS6_HUMAN		CPI-SS0415CC75D	0.0	0.0	0.0	0.021	0.0	0.0	0.0	0.131	0.0	0.007	0.005	0.0	0.0	0.0
SIGLEC10	Q96LC7	False	SIG10_HUMAN		CPI-SS073C1B796	0.206	0.0	0.03	0.017	0.0	0.0	0.0	0.0	0.0	0.004	0.0	0.246	0.0	0.0
FLT3LG	P49771	False	FLT3L_HUMAN		CPI-SS076FEB261	0.0	0.084	0.117	0.02	0.0	0.0	0.196	0.0	0.0	0.008	0.37	0.0	0.011	0.038
LEPR	P48357	False	LEPR_HUMAN		CPI-SS066FE05CA	0.0	0.0	0.041	0.021	0.0	0.0	0.054	0.0	0.0	0.02	0.01	0.0	0.091	0.529
NMUR1	Q9HB89	False	NMUR1_HUMAN		CPI-SS018BD4882	0.0	0.064	0.0	0.044	0.0	0.027	0.233	0.0	0.0	0.02	0.013	0.0	0.0	0.042
DSC3	Q14574	False	DSC3_HUMAN		CPI-SS0B6F0C894	0.0	0.0	0.0	0.0	0.0	0.0	0.0	0.0	0.0	0.001	0.018	0.0	0.0	0.0
DSG2	Q14126	False	DSG2_HUMAN		CPI-SS06D13FCD3	0.131	0.0	0.089	0.101	0.0	0.027	0.011	0.0	0.097	0.108	0.007	0.041	0.181	0.124
ANGPT1	Q15389	False	ANGP1_HUMAN		CPI-SS0B337B316	0.0	0.297	1.569	1.247	0.0	0.19	0.213	0.0	1.176	1.041	0.113	0.845	0.642	0.263
ANGPT4	Q9Y264	False	ANGP4_HUMAN		CPI-SS00BBA318F	0.0	0.0	0.0	0.007	0.0	0.0	0.044	0.0	0.0	0.0	0.0	0.0	0.0	0.0
SIRPG	Q9P1W8	False	SIRPG_HUMAN		CPI-SS0E9015902	0.0	0.074	0.0	0.007	0.0	0.0	0.0	0.0	0.0	0.004	0.145	0.0	0.0	0.0
GRIN2C	Q14957	False	NMDE3_HUMAN		CPI-SS0893BD6B6	0.0	0.0	0.0	0.015	0.0	0.0	0.0	0.0	0.0	0.004	0.0	0.0	0.0	0.0
LILRB4	Q8NHJ6	False	LIRB4_HUMAN		CPI-SS067BA9202	0.0	0.0	0.0	0.0	0.0	0.18	0.0	0.157	0.0	0.0	0.0	0.095	0.0	0.013
PROK2	Q9HC23	False	PROK2_HUMAN		CPI-SS027E57635	0.0	0.0	0.0	0.009	0.0	0.0	0.046	0.0	0.143	0.006	0.0	0.0	0.0	0.028
KLRF1	Q9NZS2	False	KLRF1_HUMAN		CPI-SS025C8F785	0.0	0.277	0.0	0.007	0.0	0.041	0.688	0.0	0.0	0.003	0.009	0.0	0.0	0.0
KLRK1	P26718	True	NKG2D_HUMAN	NKG2D II receptor	CPI-CS0A9D23000	0.0	1.535	0.0	0.003	0.0	0.0	1.376	0.166	0.0	0.005	0.171	0.0	0.017	0.005
KLRK1	P26718	True	NKG2D_HUMAN	NKG2D II receptor	CPI-CS06C6E2321	0.0	1.535	0.0	0.003	0.0	0.0	1.376	0.166	0.0	0.005	0.171	0.0	0.017	0.005
KLRK1	P26718	True	NKG2D_HUMAN	NKG2D II receptor	CPI-CS09F211C3E	0.0	1.535	0.0	0.003	0.0	0.0	1.376	0.166	0.0	0.005	0.171	0.0	0.017	0.005
KLRK1	P26718	True	NKG2D_HUMAN	NKG2D II receptor	CPI-CS038376BA2	0.0	1.535	0.0	0.003	0.0	0.0	1.376	0.166	0.0	0.005	0.171	0.0	0.017	0.005
KLRK1	P26718	True	NKG2D_HUMAN	NKG2D II receptor	CPI-CS0007697A7	0.0	1.535	0.0	0.003	0.0	0.0	1.376	0.166	0.0	0.005	0.171	0.0	0.017	0.005
HCST	Q9UBK5	True	HCST_HUMAN	NKG2D II receptor	CPI-CS0A9D23000	0.32	0.424	0.139	0.268	0.225	0.555	0.738	0.565	0.0	0.164	0.347	0.312	0.133	0.008
HCST	Q9UBK5	True	HCST_HUMAN	NKG2D II receptor	CPI-CS06C6E2321	0.32	0.424	0.139	0.268	0.225	0.555	0.738	0.565	0.0	0.164	0.347	0.312	0.133	0.008
HCST	Q9UBK5	True	HCST_HUMAN	NKG2D II receptor	CPI-CS09F211C3E	0.32	0.424	0.139	0.268	0.225	0.555	0.738	0.565	0.0	0.164	0.347	0.312	0.133	0.008
HCST	Q9UBK5	True	HCST_HUMAN	NKG2D II receptor	CPI-CS038376BA2	0.32	0.424	0.139	0.268	0.225	0.555	0.738	0.565	0.0	0.164	0.347	0.312	0.133	0.008
HCST	Q9UBK5	True	HCST_HUMAN	NKG2D II receptor	CPI-CS0007697A7	0.32	0.424	0.139	0.268	0.225	0.555	0.738	0.565	0.0	0.164	0.347	0.312	0.133	0.008
BMPR1B	O00238	True	BMR1B_HUMAN	BMPR1B_BMPR2	CPI-CS0484364A2	0.0	0.159	0.424	0.095	0.0	0.027	0.147	0.0	0.0	0.056	0.075	0.194	0.065	0.028
BMPR1B	O00238	True	BMR1B_HUMAN	BMPR1B_BMPR2	CPI-CS027D7A724	0.0	0.159	0.424	0.095	0.0	0.027	0.147	0.0	0.0	0.056	0.075	0.194	0.065	0.028
BMPR1B	O00238	True	BMR1B_HUMAN	BMPR1B_BMPR2	CPI-CS0569B9B91	0.0	0.159	0.424	0.095	0.0	0.027	0.147	0.0	0.0	0.056	0.075	0.194	0.065	0.028
BMPR1B	O00238	True	BMR1B_HUMAN	BMR1B_AVR2A	CPI-CS01319F57A	0.0	0.159	0.424	0.095	0.0	0.027	0.147	0.0	0.0	0.056	0.075	0.194	0.065	0.028
BMPR1B	O00238	True	BMR1B_HUMAN	BMR1B_AVR2A	CPI-CS0BDA0D08C	0.0	0.159	0.424	0.095	0.0	0.027	0.147	0.0	0.0	0.056	0.075	0.194	0.065	0.028
BMPR1B	O00238	True	BMR1B_HUMAN	BMR1B_AVR2B	CPI-CS03DF8BD36	0.0	0.159	0.424	0.095	0.0	0.027	0.147	0.0	0.0	0.056	0.075	0.194	0.065	0.028
BMPR1B	O00238	True	BMR1B_HUMAN	BMR1B_AVR2B	CPI-CS055E15573	0.0	0.159	0.424	0.095	0.0	0.027	0.147	0.0	0.0	0.056	0.075	0.194	0.065	0.028
BMPR2	Q13873	True	BMPR2_HUMAN	BMPR1B_BMPR2	CPI-CS0484364A2	0.0	0.063	0.042	0.095	0.335	0.263	0.174	0.0	0.0	0.037	0.054	0.135	0.071	0.113
BMPR2	Q13873	True	BMPR2_HUMAN	BMPR1B_BMPR2	CPI-CS027D7A724	0.0	0.063	0.042	0.095	0.335	0.263	0.174	0.0	0.0	0.037	0.054	0.135	0.071	0.113
BMPR2	Q13873	True	BMPR2_HUMAN	BMPR1B_BMPR2	CPI-CS0569B9B91	0.0	0.063	0.042	0.095	0.335	0.263	0.174	0.0	0.0	0.037	0.054	0.135	0.071	0.113
BMPR2	Q13873	True	BMPR2_HUMAN	ACVR1_BMPR2	CPI-CS0AEE2FB22	0.0	0.063	0.042	0.095	0.335	0.263	0.174	0.0	0.0	0.037	0.054	0.135	0.071	0.113
IL10RA	Q13651	True	I10R1_HUMAN	IL10 receptor	CPI-CS04CBDE052	0.821	0.948	0.167	0.064	0.335	0.656	0.517	0.0	0.0	0.021	0.343	0.648	0.0	0.048
IL10RB	Q08334	True	I10R2_HUMAN	IL10 receptor	CPI-CS04CBDE052	0.47	0.051	0.058	0.09	0.785	0.625	0.199	0.888	0.0	0.059	0.115	0.0	0.024	0.077
ACVR1B	P36896	True	ACV1B_HUMAN	ACVR_1B2A receptor	CPI-CS0533A30DC	0.0	0.0	0.028	0.011	0.0	0.08	0.014	0.0	0.0	0.017	0.016	0.0	0.039	0.0
ACVR1B	P36896	True	ACV1B_HUMAN	ACVR_1B2A receptor	CPI-CS04F78ACD6	0.0	0.0	0.028	0.011	0.0	0.08	0.014	0.0	0.0	0.017	0.016	0.0	0.039	0.0
ACVR1B	P36896	True	ACV1B_HUMAN	ACVR_1B2A receptor	CPI-CS0C8F1E01F	0.0	0.0	0.028	0.011	0.0	0.08	0.014	0.0	0.0	0.017	0.016	0.0	0.039	0.0
ACVR2A	P27037	True	AVR2A_HUMAN	ACVR_1B2A receptor	CPI-CS0533A30DC	0.382	0.167	0.124	0.043	0.225	0.076	0.083	0.0	0.0	0.052	0.036	0.0	0.017	0.0
ACVR2A	P27037	True	AVR2A_HUMAN	ACVR_1B2A receptor	CPI-CS04F78ACD6	0.382	0.167	0.124	0.043	0.225	0.076	0.083	0.0	0.0	0.052	0.036	0.0	0.017	0.0
ACVR2A	P27037	True	AVR2A_HUMAN	ACVR_1B2A receptor	CPI-CS0C8F1E01F	0.382	0.167	0.124	0.043	0.225	0.076	0.083	0.0	0.0	0.052	0.036	0.0	0.017	0.0
ACVR2A	P27037	True	AVR2A_HUMAN	ACVR_1A2A receptor	CPI-CS0CE2A204A	0.382	0.167	0.124	0.043	0.225	0.076	0.083	0.0	0.0	0.052	0.036	0.0	0.017	0.0
ACVR2A	P27037	True	AVR2A_HUMAN	ACVR_1A2A receptor	CPI-CS091BF99D0	0.382	0.167	0.124	0.043	0.225	0.076	0.083	0.0	0.0	0.052	0.036	0.0	0.017	0.0
ACVR2A	P27037	True	AVR2A_HUMAN	BMR1B_AVR2A	CPI-CS01319F57A	0.382	0.167	0.124	0.043	0.225	0.076	0.083	0.0	0.0	0.052	0.036	0.0	0.017	0.0
ACVR2A	P27037	True	AVR2A_HUMAN	BMR1B_AVR2A	CPI-CS0BDA0D08C	0.382	0.167	0.124	0.043	0.225	0.076	0.083	0.0	0.0	0.052	0.036	0.0	0.017	0.0
CD8A	P01732	True	CD8A_HUMAN	CD8 receptor	CPI-CS0A66DB1CA	0.0	1.187	0.0	0.009	0.0	0.0	1.181	0.166	0.0	0.011	0.148	0.0	0.0	0.116
CD8B	P10966	True	CD8B_HUMAN	CD8 receptor	CPI-CS0A66DB1CA	0.0	0.396	0.0	0.0	0.0	0.0	0.205	0.0	0.0	0.005	0.089	0.0	0.0	0.025
ACVR1	Q04771	True	ACVR1_HUMAN	ACVR_1A2A receptor	CPI-CS0CE2A204A	0.0	0.073	0.0	0.021	0.0	0.083	0.018	0.0	0.0	0.019	0.009	0.0	0.041	0.009
ACVR1	Q04771	True	ACVR1_HUMAN	ACVR_1A2A receptor	CPI-CS091BF99D0	0.0	0.073	0.0	0.021	0.0	0.083	0.018	0.0	0.0	0.019	0.009	0.0	0.041	0.009
ACVR1	Q04771	True	ACVR1_HUMAN	ACVR1_BMPR2	CPI-CS0AEE2FB22	0.0	0.073	0.0	0.021	0.0	0.083	0.018	0.0	0.0	0.019	0.009	0.0	0.041	0.009
IL2RB	P14784	True	IL2RB_HUMAN	IL15 receptor	CPI-CS06E556972	0.0	0.319	0.0	0.006	0.0	0.0	0.663	0.0	0.0	0.001	0.027	0.0	0.0	0.0
IL2RG	P31785	True	IL2RG_HUMAN	IL15 receptor	CPI-CS06E556972	0.254	0.641	0.086	0.259	0.0	0.027	1.049	0.722	0.224	0.239	0.609	0.369	0.138	0.095
ACVR2B	Q13705	True	AVR2B_HUMAN	BMR1B_AVR2B	CPI-CS03DF8BD36	0.0	0.0	0.021	0.022	0.0	0.0	0.021	0.0	0.0	0.011	0.04	0.0	0.009	0.0
ACVR2B	Q13705	True	AVR2B_HUMAN	BMR1B_AVR2B	CPI-CS055E15573	0.0	0.0	0.021	0.022	0.0	0.0	0.021	0.0	0.0	0.011	0.04	0.0	0.009	0.0
FN1	P02751	False	FINC_HUMAN		CPI-SC08B6B74FB	0.0	0.245	0.199	0.039	0.0	0.0	0.038	0.0	0.0	0.008	0.027	0.0	0.068	0.0
PLG	P00747	False	PLMN_HUMAN		CPI-SC04FDBA606	0.0	0.0	0.0	0.0	0.0	0.0	0.0	0.0	0.0	0.002	0.0	0.0	0.0	0.0
THBS1	P07996	False	TSP1_HUMAN		CPI-SC0200AC9E3	0.0	0.427	0.0	0.065	0.0	0.258	0.039	0.0	0.0	0.02	0.025	0.0	0.681	0.0
CD40LG	P29965	False	CD40L_HUMAN		CPI-SC0974B60B7	0.0	0.156	0.0	0.002	0.0	0.0	0.03	0.0	0.0	0.002	0.143	0.0	0.069	0.002
FN1	P02751	False	FINC_HUMAN		CPI-SC090855C8E	0.0	0.245	0.199	0.039	0.0	0.0	0.038	0.0	0.0	0.008	0.027	0.0	0.068	0.0
LAMC1	P11047	False	LAMC1_HUMAN		CPI-SC0B9199C7F	0.0	0.0	0.098	0.022	0.0	0.0	0.006	0.0	0.0	0.029	0.0	0.0	0.035	0.0
THBS1	P07996	False	TSP1_HUMAN		CPI-SC0755598EE	0.0	0.427	0.0	0.065	0.0	0.258	0.039	0.0	0.0	0.02	0.025	0.0	0.681	0.0
SPP1	P10451	False	OSTP_HUMAN		CPI-SC0988E0218	0.0	0.0	0.0	0.009	0.0	0.0	0.0	0.0	0.0	0.01	0.0	0.0	0.0	0.0
FCER2	P06734	False	FCER2_HUMAN		CPI-SC05A209BEC	0.0	0.0	0.0	0.0	0.0	0.122	0.0	0.0	0.0	0.0	0.0	0.367	0.0	0.0
TNC	P24821	False	TENA_HUMAN		CPI-SC0A58E6695	0.0	0.072	0.0	0.007	0.0	0.0	0.021	0.0	0.0	0.0	0.0	0.0	0.0	0.0
PLAUR	Q03405	False	UPAR_HUMAN		CPI-SC095A2C115	0.0	0.0	0.066	0.026	0.225	0.368	0.034	0.0	0.0	0.019	0.0	0.094	0.004	0.0
FN1	P02751	False	FINC_HUMAN		CPI-SC06364D669	0.0	0.245	0.199	0.039	0.0	0.0	0.038	0.0	0.0	0.008	0.027	0.0	0.068	0.0
SPP1	P10451	False	OSTP_HUMAN		CPI-SC07BE7830D	0.0	0.0	0.0	0.009	0.0	0.0	0.0	0.0	0.0	0.01	0.0	0.0	0.0	0.0
TNC	P24821	False	TENA_HUMAN		CPI-SC0BC542ACC	0.0	0.072	0.0	0.007	0.0	0.0	0.021	0.0	0.0	0.0	0.0	0.0	0.0	0.0
PLAUR	Q03405	False	UPAR_HUMAN		CPI-SC0E9C058EB	0.0	0.0	0.066	0.026	0.225	0.368	0.034	0.0	0.0	0.019	0.0	0.094	0.004	0.0
FN1	P02751	False	FINC_HUMAN		CPI-SC0B4D7E0FF	0.0	0.245	0.199	0.039	0.0	0.0	0.038	0.0	0.0	0.008	0.027	0.0	0.068	0.0
FN1	P02751	False	FINC_HUMAN		CPI-SC08B2AD7C6	0.0	0.245	0.199	0.039	0.0	0.0	0.038	0.0	0.0	0.008	0.027	0.0	0.068	0.0
CD40LG	P29965	False	CD40L_HUMAN		CPI-SC0C8B4C056	0.0	0.156	0.0	0.002	0.0	0.0	0.03	0.0	0.0	0.002	0.143	0.0	0.069	0.002
FN1	P02751	False	FINC_HUMAN		CPI-SC092C3E4DF	0.0	0.245	0.199	0.039	0.0	0.0	0.038	0.0	0.0	0.008	0.027	0.0	0.068	0.0
TNC	P24821	False	TENA_HUMAN		CPI-SC01195CB48	0.0	0.072	0.0	0.007	0.0	0.0	0.021	0.0	0.0	0.0	0.0	0.0	0.0	0.0
FN1	P02751	False	FINC_HUMAN		CPI-SC096929DB0	0.0	0.245	0.199	0.039	0.0	0.0	0.038	0.0	0.0	0.008	0.027	0.0	0.068	0.0
LAMC1	P11047	False	LAMC1_HUMAN		CPI-SC0EEF3A379	0.0	0.0	0.098	0.022	0.0	0.0	0.006	0.0	0.0	0.029	0.0	0.0	0.035	0.0
LAMC1	P11047	False	LAMC1_HUMAN		CPI-SC0A2FE9693	0.0	0.0	0.098	0.022	0.0	0.0	0.006	0.0	0.0	0.029	0.0	0.0	0.035	0.0
CDH1	P12830	False	CADH1_HUMAN		CPI-SC007890A1C	0.0	0.072	0.08	0.002	0.0	0.0	0.0	0.0	0.0	0.003	0.024	0.0	0.103	1.027
SPP1	P10451	False	OSTP_HUMAN		CPI-SC01AB9BED7	0.0	0.0	0.0	0.009	0.0	0.0	0.0	0.0	0.0	0.01	0.0	0.0	0.0	0.0
TNC	P24821	False	TENA_HUMAN		CPI-SC056BF6CBB	0.0	0.072	0.0	0.007	0.0	0.0	0.021	0.0	0.0	0.0	0.0	0.0	0.0	0.0
FCER2	P06734	False	FCER2_HUMAN		CPI-SC07312BD5C	0.0	0.0	0.0	0.0	0.0	0.122	0.0	0.0	0.0	0.0	0.0	0.367	0.0	0.0
ICAM1	P05362	False	ICAM1_HUMAN		CPI-SC0B6D68FD5	0.0	0.072	0.0	0.015	0.0	0.0	0.056	0.0	0.0	0.008	0.004	0.095	0.0	0.0
GP1BA	P07359	False	GP1BA_HUMAN		CPI-SC0B292AEE6	0.0	0.203	0.258	0.006	0.0	0.0	0.0	0.0	0.0	0.009	0.022	0.0	0.164	0.007
FCER2	P06734	False	FCER2_HUMAN		CPI-SC03446A95E	0.0	0.0	0.0	0.0	0.0	0.122	0.0	0.0	0.0	0.0	0.0	0.367	0.0	0.0
ICAM1	P05362	False	ICAM1_HUMAN		CPI-SC0A9458008	0.0	0.072	0.0	0.015	0.0	0.0	0.056	0.0	0.0	0.008	0.004	0.095	0.0	0.0
ICAM1	P05362	False	ICAM1_HUMAN		CPI-SC0F4AC5AA2	0.0	0.072	0.0	0.015	0.0	0.0	0.056	0.0	0.0	0.008	0.004	0.095	0.0	0.0
ICAM2	P13598	False	ICAM2_HUMAN		CPI-SC063BC3DDE	0.0	0.178	0.041	0.037	0.0	0.0	0.06	0.0	0.0	0.04	0.106	0.084	0.031	0.012
ICAM3	P32942	False	ICAM3_HUMAN		CPI-SC0329D5397	0.304	0.544	0.144	0.293	0.0	0.045	0.316	0.166	0.109	0.215	0.23	0.194	0.021	0.062
F11R	Q9Y624	False	JAM1_HUMAN		CPI-SC08923F7F7	0.0	0.0	0.575	0.353	3.182	0.688	0.137	0.131	0.258	0.278	0.055	0.235	0.175	0.125
IFNK	Q9P0W0	False	IFNK_HUMAN		CPI-SC0D089F0A9	0.0	0.0	0.0	0.0	0.0	0.0	0.0	0.0	0.0	0.0	0.0	0.0	0.0	0.03
GDF11	O95390	False	GDF11_HUMAN		CPI-SC001669E22	0.0	0.063	0.129	0.041	0.0	0.0	0.012	0.0	0.245	0.078	0.041	0.0	0.144	0.068
GDF11	O95390	False	GDF11_HUMAN		CPI-SC017215F7F	0.0	0.063	0.129	0.041	0.0	0.0	0.012	0.0	0.245	0.078	0.041	0.0	0.144	0.068
TGFB1	P01137	False	TGFB1_HUMAN		CPI-SC098C06330	0.0	0.167	0.022	0.154	0.225	0.0	0.277	0.0	0.143	0.148	0.119	0.27	0.27	0.083
TGFB3	P10600	False	TGFB3_HUMAN		CPI-SC0D5CFA431	0.0	0.0	0.045	0.014	0.0	0.0	0.013	0.0	0.0	0.014	0.007	0.0	0.0	0.0
TGFB1	P01137	False	TGFB1_HUMAN		CPI-SC0984894BC	0.0	0.167	0.022	0.154	0.225	0.0	0.277	0.0	0.143	0.148	0.119	0.27	0.27	0.083
TGFB3	P10600	False	TGFB3_HUMAN		CPI-SC0077CEB82	0.0	0.0	0.045	0.014	0.0	0.0	0.013	0.0	0.0	0.014	0.007	0.0	0.0	0.0
IFNG	P01579	False	IFNG_HUMAN		CPI-SC09E5431A2	0.163	0.123	0.04	0.0	0.0	0.0	0.254	0.0	0.0	0.0	0.0	0.0	0.0	0.0
CD47	Q08722	False	CD47_HUMAN		CPI-SC0EB8DC52F	2.236	2.096	2.981	1.621	0.671	1.179	2.423	1.111	2.073	1.33	1.197	1.887	1.777	1.824
TSLP	Q969D9	False	TSLP_HUMAN		CPI-SC090068F7B	0.0	0.0	0.041	0.04	0.0	0.0	0.0	0.0	0.0	0.021	0.0	0.0	0.019	0.018
CRLF2	Q9HC73	False	CRLF2_HUMAN		CPI-SC047CEF2DD	0.0	0.0	0.0	0.0	0.0	0.0	0.008	0.0	0.0	0.004	0.009	0.0	0.0	0.0
ITGB1	P05556	True	ITB1_HUMAN	a9b1 complex	CPI-SC01AB9BED7	1.738	1.24	0.869	0.548	0.0	1.077	1.568	4.461	0.434	0.541	1.311	0.953	0.796	1.055
ITGB1	P05556	True	ITB1_HUMAN	a9b1 complex	CPI-SC056BF6CBB	1.738	1.24	0.869	0.548	0.0	1.077	1.568	4.461	0.434	0.541	1.311	0.953	0.796	1.055
ITGB1	P05556	True	ITB1_HUMAN	aVb1 complex	CPI-SC096929DB0	1.738	1.24	0.869	0.548	0.0	1.077	1.568	4.461	0.434	0.541	1.311	0.953	0.796	1.055
ITGB1	P05556	True	ITB1_HUMAN	a8b1 complex	CPI-SC092C3E4DF	1.738	1.24	0.869	0.548	0.0	1.077	1.568	4.461	0.434	0.541	1.311	0.953	0.796	1.055
ITGB1	P05556	True	ITB1_HUMAN	a8b1 complex	CPI-SC01195CB48	1.738	1.24	0.869	0.548	0.0	1.077	1.568	4.461	0.434	0.541	1.311	0.953	0.796	1.055
ITGB1	P05556	True	ITB1_HUMAN	a4b1 complex	CPI-SC06364D669	1.738	1.24	0.869	0.548	0.0	1.077	1.568	4.461	0.434	0.541	1.311	0.953	0.796	1.055
ITGB1	P05556	True	ITB1_HUMAN	a4b1 complex	CPI-SC07BE7830D	1.738	1.24	0.869	0.548	0.0	1.077	1.568	4.461	0.434	0.541	1.311	0.953	0.796	1.055
ITGB1	P05556	True	ITB1_HUMAN	a4b1 complex	CPI-SC0BC542ACC	1.738	1.24	0.869	0.548	0.0	1.077	1.568	4.461	0.434	0.541	1.311	0.953	0.796	1.055
ITGB1	P05556	True	ITB1_HUMAN	a4b1 complex	CPI-SC0E9C058EB	1.738	1.24	0.869	0.548	0.0	1.077	1.568	4.461	0.434	0.541	1.311	0.953	0.796	1.055
ITGB1	P05556	True	ITB1_HUMAN	a5b1 complex	CPI-SC08B2AD7C6	1.738	1.24	0.869	0.548	0.0	1.077	1.568	4.461	0.434	0.541	1.311	0.953	0.796	1.055
ITGB1	P05556	True	ITB1_HUMAN	a5b1 complex	CPI-SC0C8B4C056	1.738	1.24	0.869	0.548	0.0	1.077	1.568	4.461	0.434	0.541	1.311	0.953	0.796	1.055
ITGB1	P05556	True	ITB1_HUMAN	a7b1 complex	CPI-SC0A2FE9693	1.738	1.24	0.869	0.548	0.0	1.077	1.568	4.461	0.434	0.541	1.311	0.953	0.796	1.055
ITGB1	P05556	True	ITB1_HUMAN	a6b1 complex	CPI-SC0EEF3A379	1.738	1.24	0.869	0.548	0.0	1.077	1.568	4.461	0.434	0.541	1.311	0.953	0.796	1.055
ITGA9	Q13797	True	ITA9_HUMAN	a9b1 complex	CPI-SC01AB9BED7	0.0	0.0	0.022	0.008	0.0	0.0	0.0	0.0	0.0	0.016	0.0	0.0	0.088	0.0
ITGA9	Q13797	True	ITA9_HUMAN	a9b1 complex	CPI-SC056BF6CBB	0.0	0.0	0.022	0.008	0.0	0.0	0.0	0.0	0.0	0.016	0.0	0.0	0.088	0.0
ITGAV	P06756	True	ITAV_HUMAN	aVb3 complex	CPI-SC090855C8E	0.331	0.088	0.267	0.053	0.0	0.041	0.057	0.0	0.0	0.043	0.011	0.0	0.035	0.027
ITGAV	P06756	True	ITAV_HUMAN	aVb3 complex	CPI-SC0B9199C7F	0.331	0.088	0.267	0.053	0.0	0.041	0.057	0.0	0.0	0.043	0.011	0.0	0.035	0.027
ITGAV	P06756	True	ITAV_HUMAN	aVb3 complex	CPI-SC0755598EE	0.331	0.088	0.267	0.053	0.0	0.041	0.057	0.0	0.0	0.043	0.011	0.0	0.035	0.027
ITGAV	P06756	True	ITAV_HUMAN	aVb3 complex	CPI-SC0988E0218	0.331	0.088	0.267	0.053	0.0	0.041	0.057	0.0	0.0	0.043	0.011	0.0	0.035	0.027
ITGAV	P06756	True	ITAV_HUMAN	aVb3 complex	CPI-SC05A209BEC	0.331	0.088	0.267	0.053	0.0	0.041	0.057	0.0	0.0	0.043	0.011	0.0	0.035	0.027
ITGAV	P06756	True	ITAV_HUMAN	aVb3 complex	CPI-SC0A58E6695	0.331	0.088	0.267	0.053	0.0	0.041	0.057	0.0	0.0	0.043	0.011	0.0	0.035	0.027
ITGAV	P06756	True	ITAV_HUMAN	aVb3 complex	CPI-SC095A2C115	0.331	0.088	0.267	0.053	0.0	0.041	0.057	0.0	0.0	0.043	0.011	0.0	0.035	0.027
ITGAV	P06756	True	ITAV_HUMAN	aVb1 complex	CPI-SC096929DB0	0.331	0.088	0.267	0.053	0.0	0.041	0.057	0.0	0.0	0.043	0.011	0.0	0.035	0.027
ITGB3	P05106	True	ITB3_HUMAN	aVb3 complex	CPI-SC090855C8E	0.0	0.492	0.499	0.123	0.0	0.255	0.022	0.0	0.0	0.032	0.046	0.0	1.205	0.008
ITGB3	P05106	True	ITB3_HUMAN	aVb3 complex	CPI-SC0B9199C7F	0.0	0.492	0.499	0.123	0.0	0.255	0.022	0.0	0.0	0.032	0.046	0.0	1.205	0.008
ITGB3	P05106	True	ITB3_HUMAN	aVb3 complex	CPI-SC0755598EE	0.0	0.492	0.499	0.123	0.0	0.255	0.022	0.0	0.0	0.032	0.046	0.0	1.205	0.008
ITGB3	P05106	True	ITB3_HUMAN	aVb3 complex	CPI-SC0988E0218	0.0	0.492	0.499	0.123	0.0	0.255	0.022	0.0	0.0	0.032	0.046	0.0	1.205	0.008
ITGB3	P05106	True	ITB3_HUMAN	aVb3 complex	CPI-SC05A209BEC	0.0	0.492	0.499	0.123	0.0	0.255	0.022	0.0	0.0	0.032	0.046	0.0	1.205	0.008
ITGB3	P05106	True	ITB3_HUMAN	aVb3 complex	CPI-SC0A58E6695	0.0	0.492	0.499	0.123	0.0	0.255	0.022	0.0	0.0	0.032	0.046	0.0	1.205	0.008
ITGB3	P05106	True	ITB3_HUMAN	aVb3 complex	CPI-SC095A2C115	0.0	0.492	0.499	0.123	0.0	0.255	0.022	0.0	0.0	0.032	0.046	0.0	1.205	0.008
ITGB3	P05106	True	ITB3_HUMAN	a2Bb3 complex	CPI-SC08B6B74FB	0.0	0.492	0.499	0.123	0.0	0.255	0.022	0.0	0.0	0.032	0.046	0.0	1.205	0.008
ITGB3	P05106	True	ITB3_HUMAN	a2Bb3 complex	CPI-SC04FDBA606	0.0	0.492	0.499	0.123	0.0	0.255	0.022	0.0	0.0	0.032	0.046	0.0	1.205	0.008
ITGB3	P05106	True	ITB3_HUMAN	a2Bb3 complex	CPI-SC0200AC9E3	0.0	0.492	0.499	0.123	0.0	0.255	0.022	0.0	0.0	0.032	0.046	0.0	1.205	0.008
ITGB3	P05106	True	ITB3_HUMAN	a2Bb3 complex	CPI-SC0974B60B7	0.0	0.492	0.499	0.123	0.0	0.255	0.022	0.0	0.0	0.032	0.046	0.0	1.205	0.008
ITGAX	P20702	True	ITAX_HUMAN	aXb2 complex	CPI-SC03446A95E	0.662	0.0	0.144	0.102	0.335	0.636	0.121	0.0	0.0	0.059	0.026	0.0	0.056	0.009
ITGAX	P20702	True	ITAX_HUMAN	aXb2 complex	CPI-SC0A9458008	0.662	0.0	0.144	0.102	0.335	0.636	0.121	0.0	0.0	0.059	0.026	0.0	0.056	0.009
ITGB2	P05107	True	ITB2_HUMAN	aXb2 complex	CPI-SC03446A95E	0.662	1.032	0.136	0.143	3.643	3.752	1.719	0.0	0.0	0.144	0.39	0.959	0.208	0.136
ITGB2	P05107	True	ITB2_HUMAN	aXb2 complex	CPI-SC0A9458008	0.662	1.032	0.136	0.143	3.643	3.752	1.719	0.0	0.0	0.144	0.39	0.959	0.208	0.136
ITGB2	P05107	True	ITB2_HUMAN	aLb2 complex	CPI-SC0F4AC5AA2	0.662	1.032	0.136	0.143	3.643	3.752	1.719	0.0	0.0	0.144	0.39	0.959	0.208	0.136
ITGB2	P05107	True	ITB2_HUMAN	aLb2 complex	CPI-SC063BC3DDE	0.662	1.032	0.136	0.143	3.643	3.752	1.719	0.0	0.0	0.144	0.39	0.959	0.208	0.136
ITGB2	P05107	True	ITB2_HUMAN	aLb2 complex	CPI-SC0329D5397	0.662	1.032	0.136	0.143	3.643	3.752	1.719	0.0	0.0	0.144	0.39	0.959	0.208	0.136
ITGB2	P05107	True	ITB2_HUMAN	aLb2 complex	CPI-SC08923F7F7	0.662	1.032	0.136	0.143	3.643	3.752	1.719	0.0	0.0	0.144	0.39	0.959	0.208	0.136
ITGB2	P05107	True	ITB2_HUMAN	aMb2 complex	CPI-SC07312BD5C	0.662	1.032	0.136	0.143	3.643	3.752	1.719	0.0	0.0	0.144	0.39	0.959	0.208	0.136
ITGB2	P05107	True	ITB2_HUMAN	aMb2 complex	CPI-SC0B6D68FD5	0.662	1.032	0.136	0.143	3.643	3.752	1.719	0.0	0.0	0.144	0.39	0.959	0.208	0.136
ITGB2	P05107	True	ITB2_HUMAN	aMb2 complex	CPI-SC0B292AEE6	0.662	1.032	0.136	0.143	3.643	3.752	1.719	0.0	0.0	0.144	0.39	0.959	0.208	0.136
ITGAL	P20701	True	ITAL_HUMAN	aLb2 complex	CPI-SC0F4AC5AA2	0.575	0.864	0.127	0.052	0.225	0.403	1.065	0.245	0.0	0.055	0.347	0.44	0.005	0.06
ITGAL	P20701	True	ITAL_HUMAN	aLb2 complex	CPI-SC063BC3DDE	0.575	0.864	0.127	0.052	0.225	0.403	1.065	0.245	0.0	0.055	0.347	0.44	0.005	0.06
ITGAL	P20701	True	ITAL_HUMAN	aLb2 complex	CPI-SC0329D5397	0.575	0.864	0.127	0.052	0.225	0.403	1.065	0.245	0.0	0.055	0.347	0.44	0.005	0.06
ITGAL	P20701	True	ITAL_HUMAN	aLb2 complex	CPI-SC08923F7F7	0.575	0.864	0.127	0.052	0.225	0.403	1.065	0.245	0.0	0.055	0.347	0.44	0.005	0.06
IL7R	P16871	True	IL7RA_HUMAN	TSLPR	CPI-SC090068F7B	0.0	1.294	0.06	0.107	0.0	0.303	1.404	0.166	0.0	0.05	5.963	0.666	0.034	0.238
IL7R	P16871	True	IL7RA_HUMAN	TSLPR	CPI-SC047CEF2DD	0.0	1.294	0.06	0.107	0.0	0.303	1.404	0.166	0.0	0.05	5.963	0.666	0.034	0.238
CRLF2	Q9HC73	True	CRLF2_HUMAN	TSLPR	CPI-SC090068F7B	0.0	0.0	0.0	0.0	0.0	0.0	0.008	0.0	0.0	0.004	0.009	0.0	0.0	0.0
CRLF2	Q9HC73	True	CRLF2_HUMAN	TSLPR	CPI-SC047CEF2DD	0.0	0.0	0.0	0.0	0.0	0.0	0.008	0.0	0.0	0.004	0.009	0.0	0.0	0.0
IFNAR1	P17181	True	INAR1_HUMAN	Type I IFNR	CPI-SC0D089F0A9	0.437	0.392	0.222	0.254	0.0	0.558	0.278	0.726	0.334	0.173	0.384	0.018	0.131	0.249
IFNAR2	P48551	True	INAR2_HUMAN	Type I IFNR	CPI-SC0D089F0A9	0.206	0.115	0.169	0.146	0.335	0.857	0.333	0.0	0.0	0.129	0.24	0.018	0.062	0.015
SIRPB1	O00241	True	SIRB1_HUMAN	SIRB1 complex	CPI-SC0EB8DC52F	0.0	0.0	0.0	0.0	0.0	0.179	0.0	0.0	0.0	0.0	0.0	0.0	0.0	0.0
TYROBP	O43914	True	TYOBP_HUMAN	SIRB1 complex	CPI-SC0EB8DC52F	0.491	0.071	0.504	0.679	6.286	7.93	0.673	0.0	0.0	0.521	0.068	3.424	0.15	0.009
ITGA8	P53708	True	ITA8_HUMAN	a8b1 complex	CPI-SC092C3E4DF	0.0	0.167	0.063	0.014	0.0	0.0	0.018	0.0	0.0	0.004	0.005	0.069	0.0	0.0
ITGA8	P53708	True	ITA8_HUMAN	a8b1 complex	CPI-SC01195CB48	0.0	0.167	0.063	0.014	0.0	0.0	0.018	0.0	0.0	0.004	0.005	0.069	0.0	0.0
ITGB7	P26010	True	ITB7_HUMAN	aEb7 complex	CPI-SC007890A1C	0.272	0.24	0.0	0.007	0.0	0.0	0.424	0.166	0.0	0.006	0.136	0.084	0.007	0.038
ITGB7	P26010	True	ITB7_HUMAN	a4b7 complex	CPI-SC0B4D7E0FF	0.272	0.24	0.0	0.007	0.0	0.0	0.424	0.166	0.0	0.006	0.136	0.084	0.007	0.038
ITGAE	P38570	True	ITAE_HUMAN	aEb7 complex	CPI-SC007890A1C	0.0	0.012	0.144	0.102	0.0	0.189	0.067	0.0	0.131	0.218	0.092	0.317	0.183	0.147
ITGA4	P13612	True	ITA4_HUMAN	a4b1 complex	CPI-SC06364D669	1.311	1.528	2.912	1.75	0.942	0.566	1.026	0.83	1.245	1.361	0.928	1.21	1.316	1.162
ITGA4	P13612	True	ITA4_HUMAN	a4b1 complex	CPI-SC07BE7830D	1.311	1.528	2.912	1.75	0.942	0.566	1.026	0.83	1.245	1.361	0.928	1.21	1.316	1.162
ITGA4	P13612	True	ITA4_HUMAN	a4b1 complex	CPI-SC0BC542ACC	1.311	1.528	2.912	1.75	0.942	0.566	1.026	0.83	1.245	1.361	0.928	1.21	1.316	1.162
ITGA4	P13612	True	ITA4_HUMAN	a4b1 complex	CPI-SC0E9C058EB	1.311	1.528	2.912	1.75	0.942	0.566	1.026	0.83	1.245	1.361	0.928	1.21	1.316	1.162
ITGA4	P13612	True	ITA4_HUMAN	a4b7 complex	CPI-SC0B4D7E0FF	1.311	1.528	2.912	1.75	0.942	0.566	1.026	0.83	1.245	1.361	0.928	1.21	1.316	1.162
ITGA2B	P08514	True	ITA2B_HUMAN	a2Bb3 complex	CPI-SC08B6B74FB	0.0	0.155	0.11	0.006	0.0	0.0	0.019	0.0	0.0	0.015	0.023	0.0	0.542	0.019
ITGA2B	P08514	True	ITA2B_HUMAN	a2Bb3 complex	CPI-SC04FDBA606	0.0	0.155	0.11	0.006	0.0	0.0	0.019	0.0	0.0	0.015	0.023	0.0	0.542	0.019
ITGA2B	P08514	True	ITA2B_HUMAN	a2Bb3 complex	CPI-SC0200AC9E3	0.0	0.155	0.11	0.006	0.0	0.0	0.019	0.0	0.0	0.015	0.023	0.0	0.542	0.019
ITGA2B	P08514	True	ITA2B_HUMAN	a2Bb3 complex	CPI-SC0974B60B7	0.0	0.155	0.11	0.006	0.0	0.0	0.019	0.0	0.0	0.015	0.023	0.0	0.542	0.019
ITGA5	P08648	True	ITA5_HUMAN	a5b1 complex	CPI-SC08B2AD7C6	0.0	0.087	0.236	0.105	0.573	0.418	0.146	0.0	0.0	0.099	0.042	0.102	0.067	0.084
ITGA5	P08648	True	ITA5_HUMAN	a5b1 complex	CPI-SC0C8B4C056	0.0	0.087	0.236	0.105	0.573	0.418	0.146	0.0	0.0	0.099	0.042	0.102	0.067	0.084
ITGAM	P11215	True	ITAM_HUMAN	aMb2 complex	CPI-SC07312BD5C	0.662	0.0	0.08	0.073	0.573	0.341	0.18	0.0	0.0	0.03	0.024	0.8	0.0	0.0
ITGAM	P11215	True	ITAM_HUMAN	aMb2 complex	CPI-SC0B6D68FD5	0.662	0.0	0.08	0.073	0.573	0.341	0.18	0.0	0.0	0.03	0.024	0.8	0.0	0.0
ITGAM	P11215	True	ITAM_HUMAN	aMb2 complex	CPI-SC0B292AEE6	0.662	0.0	0.08	0.073	0.573	0.341	0.18	0.0	0.0	0.03	0.024	0.8	0.0	0.0
TGFBR1	P36897	True	TGFR1_HUMAN	TGFbeta receptor1	CPI-SC098C06330	0.0	0.154	0.103	0.114	0.0	0.0	0.237	0.0	0.28	0.06	0.094	0.0	0.0	0.014
TGFBR1	P36897	True	TGFR1_HUMAN	TGFbeta receptor1	CPI-SC0D5CFA431	0.0	0.154	0.103	0.114	0.0	0.0	0.237	0.0	0.28	0.06	0.094	0.0	0.0	0.014
TGFBR1	P36897	True	TGFR1_HUMAN	TGFR_AVR2A	CPI-SC001669E22	0.0	0.154	0.103	0.114	0.0	0.0	0.237	0.0	0.28	0.06	0.094	0.0	0.0	0.014
TGFBR1	P36897	True	TGFR1_HUMAN	TGFR_AVR2B	CPI-SC017215F7F	0.0	0.154	0.103	0.114	0.0	0.0	0.237	0.0	0.28	0.06	0.094	0.0	0.0	0.014
TGFBR2	P37173	True	TGFR2_HUMAN	TGFbeta receptor1	CPI-SC098C06330	0.657	0.448	0.113	0.128	0.0	0.448	0.292	0.0	0.369	0.054	0.175	0.058	0.106	0.076
TGFBR2	P37173	True	TGFR2_HUMAN	TGFbeta receptor1	CPI-SC0D5CFA431	0.657	0.448	0.113	0.128	0.0	0.448	0.292	0.0	0.369	0.054	0.175	0.058	0.106	0.076
TGFBR2	P37173	True	TGFR2_HUMAN	TGFbeta receptor2	CPI-SC0984894BC	0.657	0.448	0.113	0.128	0.0	0.448	0.292	0.0	0.369	0.054	0.175	0.058	0.106	0.076
TGFBR2	P37173	True	TGFR2_HUMAN	TGFbeta receptor2	CPI-SC0077CEB82	0.657	0.448	0.113	0.128	0.0	0.448	0.292	0.0	0.369	0.054	0.175	0.058	0.106	0.076
IFNGR1	P15260	True	INGR1_HUMAN	Type II IFNR	CPI-SC09E5431A2	0.114	0.256	0.263	0.172	2.027	1.406	0.226	0.0	0.0	0.142	0.061	0.63	0.169	0.043
IFNGR2	P38484	True	INGR2_HUMAN	Type II IFNR	CPI-SC09E5431A2	0.0	0.062	0.061	0.032	0.0	1.01	0.017	0.166	0.131	0.056	0.021	0.178	0.021	0.033
ACVR1	Q04771	True	ACVR1_HUMAN	TGFbeta receptor2	CPI-SC0984894BC	0.0	0.073	0.0	0.021	0.0	0.083	0.018	0.0	0.0	0.019	0.009	0.0	0.041	0.009
ACVR1	Q04771	True	ACVR1_HUMAN	TGFbeta receptor2	CPI-SC0077CEB82	0.0	0.073	0.0	0.021	0.0	0.083	0.018	0.0	0.0	0.019	0.009	0.0	0.041	0.009
ITGA7	Q13683	True	ITA7_HUMAN	a7b1 complex	CPI-SC0A2FE9693	0.0	0.0	0.04	0.0	0.0	0.0	0.0	0.0	0.0	0.001	0.0	0.0	0.018	0.0
ITGA6	P23229	True	ITA6_HUMAN	a6b1 complex	CPI-SC0EEF3A379	0.356	0.64	0.279	0.341	0.0	0.045	0.261	0.0	0.28	0.187	0.46	0.211	0.432	0.066
ACVR2A	P27037	True	AVR2A_HUMAN	TGFR_AVR2A	CPI-SC001669E22	0.382	0.167	0.124	0.043	0.225	0.076	0.083	0.0	0.0	0.052	0.036	0.0	0.017	0.0
ACVR2B	Q13705	True	AVR2B_HUMAN	TGFR_AVR2B	CPI-SC017215F7F	0.0	0.0	0.021	0.022	0.0	0.0	0.021	0.0	0.0	0.011	0.04	0.0	0.009	0.0
BMP8A	Q7Z5Y6	False	BMP8A_HUMAN		CPI-CS0AEE2FB22	0.0	0.103	0.0	0.056	0.0	0.0	0.041	0.0	0.0	0.01	0.012	0.0	0.009	0.0
BMP8A	Q7Z5Y6	False	BMP8A_HUMAN		CPI-CS0CE2A204A	0.0	0.103	0.0	0.056	0.0	0.0	0.041	0.0	0.0	0.01	0.012	0.0	0.009	0.0
BMP8A	Q7Z5Y6	False	BMP8A_HUMAN		CPI-CS0484364A2	0.0	0.103	0.0	0.056	0.0	0.0	0.041	0.0	0.0	0.01	0.012	0.0	0.009	0.0
BMP8A	Q7Z5Y6	False	BMP8A_HUMAN		CPI-CS01319F57A	0.0	0.103	0.0	0.056	0.0	0.0	0.041	0.0	0.0	0.01	0.012	0.0	0.009	0.0
BMP8A	Q7Z5Y6	False	BMP8A_HUMAN		CPI-CS03DF8BD36	0.0	0.103	0.0	0.056	0.0	0.0	0.041	0.0	0.0	0.01	0.012	0.0	0.009	0.0
INHBA	P08476	False	INHBA_HUMAN		CPI-CS091BF99D0	0.0	0.0	0.06	0.075	1.773	0.0	0.0	0.0	0.0	0.009	0.009	0.0	0.0	0.004
INHBA	P08476	False	INHBA_HUMAN		CPI-CS0533A30DC	0.0	0.0	0.06	0.075	1.773	0.0	0.0	0.0	0.0	0.009	0.009	0.0	0.0	0.004
GDF7	Q7Z4P5	False	GDF7_HUMAN		CPI-CS027D7A724	0.0	0.0	0.0	0.008	0.0	0.0	0.057	0.0	0.0	0.006	0.041	0.0	0.006	0.0
GDF7	Q7Z4P5	False	GDF7_HUMAN		CPI-CS0BDA0D08C	0.0	0.0	0.0	0.008	0.0	0.0	0.057	0.0	0.0	0.006	0.041	0.0	0.006	0.0
GDF7	Q7Z4P5	False	GDF7_HUMAN		CPI-CS055E15573	0.0	0.0	0.0	0.008	0.0	0.0	0.057	0.0	0.0	0.006	0.041	0.0	0.006	0.0
BMPR1A	P36894	False	BMR1A_HUMAN		CPI-CS0569B9B91	0.0	0.0	0.0	0.0	0.0	0.108	0.0	0.0	0.0	0.002	0.043	0.0	0.019	0.0
GDF11	O95390	False	GDF11_HUMAN		CPI-CS04F78ACD6	0.0	0.063	0.129	0.041	0.0	0.0	0.012	0.0	0.245	0.078	0.041	0.0	0.144	0.068
BMP3	P12645	False	BMP3_HUMAN		CPI-CS0C8F1E01F	0.0	0.0	0.035	0.054	0.0	0.0	0.033	0.0	0.0	0.014	0.012	0.0	0.032	0.028
LCK	P06239	False	LCK_HUMAN		CPI-CS0A66DB1CA	0.0	0.509	0.0	0.026	0.0	0.0	0.421	0.166	0.0	0.011	0.387	0.0	0.0	0.118
IL10	P22301	False	IL10_HUMAN		CPI-CS04CBDE052	0.0	0.0	0.036	0.008	0.449	0.0	0.0	0.0	0.0	0.002	0.009	0.032	0.0	0.0
IL15	P40933	False	IL15_HUMAN		CPI-CS06E556972	0.0	0.0	0.045	0.021	0.0	0.045	0.038	0.0	0.105	0.018	0.0	0.0	0.013	0.0
MICB	Q29980	False	MICB_HUMAN		CPI-CS0A9D23000	0.0	0.0	0.02	0.015	0.0	0.179	0.024	0.0	0.0	0.019	0.027	0.123	0.029	0.015
MICA	Q29983	False	MICA_HUMAN		CPI-CS06C6E2321	0.16	0.178	0.0	0.02	0.0	0.0	0.0	0.0	0.0	0.019	0.033	0.0	0.034	0.007
RAET1E	Q8TD07	False	N2DL4_HUMAN		CPI-CS09F211C3E	0.0	0.0	0.0	0.013	0.0	0.0	0.0	0.0	0.0	0.003	0.0	0.0	0.0	0.04
ULBP3	Q9BZM4	False	N2DL3_HUMAN		CPI-CS038376BA2	0.0	0.0	0.023	0.01	0.0	0.0	0.012	0.0	0.0	0.031	0.015	0.0	0.049	0.027
ULBP1	Q9BZM6	False	N2DL1_HUMAN		CPI-CS0007697A7	0.0	0.0	0.0	0.014	0.0	0.0	0.0	0.0	0.0	0.002	0.017	0.0	0.017	0.0
